$ANSIBLE_VAULT;1.1;AES256
66666234653966343439393333396633616331363437366462633663613862643261666663616232
3832393032333238303336303932326262313666373830660a336563333530663063323131373664
39393564643166393637323133313462356637623765666464613135663733663931316461633464
3837363562323064370a303831643936646333633731613735313062363134363833326232373063
61303038386262393433653464333735633935316232333565313464353138373637356238343733
30363230643066383361303135356336323636646662333161666463343930386433323431646136
37663332343030326339393334396335316137386239323761656132613265613631656532623832
38356664346430646235613462643337376431383237633930663864373937356662663936623431
61323035386433666336396237353962653139616237656165376665356163663834386566616461
63313234623063663138336265316666356165613661643561613063373737643630643333613233
62633637376335393861303366643665353832656639326232633637613861626364316237313033
66653664613335366230313632623439383561613133383663313464313761623133623236633363
39356634386461343030366133666562386661643264336233626133363636646635326630623461
62366133306536646665373462396339333830316130323564653864343361663635303833653161
37363763353264653635653637343862376235623364666364613833373637303632316666356466
31333034633434356636623663366161653637396262373335316266653464366634373334626239
38306265663432353730373938613366366235396539306638383532353637363636636362666661
62616338386263633462363032613232363937663834656435333232303065306363303734623734
36636330356135346439663333323162643137636566633038613362363765656236303466313133
39343335666565346233303164663933626230373461323037383332613266363731316432386330
30613037303235653131333032353932316436316137663237353733376230386235353432613564
32663731623965363163323035633435653936336530396339656465663761373035666466623836
65323331373264616132303736366137613366353030333338613563356132323263656232316362
63376465646666663931363266643665323636666234366432303738656233346465326638346539
34653131333732663137633965343961326364626365383339646237636666316538663066393362
66386539373364646535666437663836386333366337353633333561363031366630383331643863
65306138633933653236656336376539353232643963383238633031623335363937626365373162
37336365663563646363616537363339643038326138363765393265383638333630643465396465
39323537326565666237623637306333313336323566633865646132336433313233343338306331
34356666376431353138656264356461396239623534373238666565343864323634393963336539
37333930643366656634303464343735396637653039356635386264336139376533616138643561
33623639383936346431626334373439663638313436393131326536333735353131353438363333
31616132643231336130396438616139616535386232356339613562323833346237356338383037
33636139316461633165346432313635346366653632396131323966313563376439386533393364
37376464356266393966663030393933666232636333363733333031323239656466633134326333
64656338363466343431313630616134343262663238353530383461626663363031356435386338
64353136663431623938376139643339623162313362376237343332653539366231303162313661
37356238333162333634626139336439613637303038653234633535666138643663316636613033
36356438663030393538653763306566353232313231316365393739386634366132396565386565
30303039653463313732616666653835353536386561623139646237363863306230373564646630
64613036356337306336386435306238666333613232333264313162343830613834396634306338
63613036386464343264623533616539303165386264313761666462313634623732303330636464
64353961313466393065643362663538396139336432353765376633313464643731303430346362
64323863386538633635346464626135343832316538613434396661656136366437636231613934
3366
