$ANSIBLE_VAULT;1.1;AES256
62633862343236633063333834373831663436383063343933323264663633626237356630343965
3263653935386661373434646264623065313462323536310a613937656462363861643365313433
36386162626233336261356366653334386162303730306366613661666238323861316433636562
6461346662346637320a373365383833663433323261383639636634316333363262326538396133
64336435626333643330323735393365313332613961666562336666663062303765353466653535
62376161646232623033653636303236343632653766343335393139623866613732373131323737
37643866326138343136636430623365313436626335666435363031376531666132373733323962
63363234613263343239326166393065653963653762636566326131666634636139353933653566
33646435613765353766306162646665323662323137376464343436323263633538386533353139
66613235363634316263343564333136636539353364333038663764656164316264333130366364
31393063306336666632303163656562383636366238633632663638623231393635306137306265
63376530336462626666303864333335643737333138633564633762666537613366316536626230
35613833393638623865333061636665353361383635343730646631393336623962336465646661
39613166313361396536393864346533643138666335653436353831303232346334323064333431
62326134303139346632656631303430366535613632663262656533393135363265613731333465
31663534626163653861656138663137656138636336376339663131623736666561306335336462
63633665336632663335616432353633623733383866323466366532343237626333343537303333
65643931303333393036646537376264363237646530386532393064386336353966633631636431
36393061363931353164373065393733663865343531373262613966333561363962303834393234
64616562303037633965633830623639663733393536353335306637616164376531346237303832
31356164363366373864346235383530633634646539653164343239323464656233336433383532
65633130623566383363353538323034313662643533346238333065356434346166333933613466
63653265623735396135626230313134313536663436313662663735626339633364653163343863
36353462623862623831313235663538396532303565333230613232303432633030666433373035
31376430373538633263316633396133313334643263656630366530356633663732373538613235
33653064626535623761366161643566633730396434643564323264333533336264393866643137
39363539303539383763336331343664363032666330336638343735353535373265396635633934
35323530343766656163653739326338383937353865376662346433656534663337343934373163
63636331346232666666663234396236613231646432363764643765633261346630356134623636
64616539643666326539376138666430303464323131373831656632626532323464623439343561
33633165613731363161383761383739363937633632643633373631633763353461616365653438
35373034656430386330303461363934393434373931383861356263623239623333363564383838
61363330343265306630323934663734303063626262643239333735623037316535373035663265
3862653666636464396165626532343638396661653137333362
