$ANSIBLE_VAULT;1.1;AES256
39323232313333623165366231613364333830663266353234376664373763633266396162356531
3864626463663263336533366531636565646639326335310a633338356532666236316535386535
63396230636234333333323661366632353365306131336438333962393036303736383733633339
3166393166343066320a363865386333626565613833356634383030383434323430346233646233
34656163343761393338373331343262316239333830633637373535396666353631323337653866
32353661356565656639313735326537313766313566393531343265333835303736633563313630
61663337373338353064396636353966653632303065643862666265653064653064323766653437
62613862313835376563393533613430643031313564346362636465663761623839363235356166
61643235373766643138626166643839313861353363663464353964353835386238646637343662
33353132383639306262306462313734663830663432333565633561623063626363346539386137
66333863393463356466326332383365626232393666386635636336383433346337363062653164
31333364346364333639666162323262396466363733646136353233333563356539653964383763
33636663393437643863316137303838326138336564313834316563306563666665343531313036
36396537646262353966373835623265623862336662323731326666313866326264633262366461
66303166626464353738643566623163333932653437626539366238366539353434356266323531
64343063656136616336396331393932386233363139663537326133393765373539323031376435
65346464666136386435643864323664653564353832616331323039393237633233396164636362
38633438346136346163336563633763373634623630666666626663303830623439343766613638
37333736316262353730616438646633643163363534613831306361616563376439383162353966
37386665636664393664646131393863646239656464666638633538313237333538383731343230
64666466666232346161333366323263366638353864376231376663616239643764633737653533
30303232363534383165336364366562306236656432363539623332393633313030383630636236
63383235373861623036333931613830323461333935383661313532653066396433663136623465
61346334633132336535346464323462626564316565646635346466396539636637323766633761
63626561366361306639396566376362383565393230326438313838613036666632306231373963
34366163643236346636333062313437386338623331326262386237353963343964626637613036
35336532666562613135363239383663323538303730633133383664666134623036353336346537
35303161386263336363376231616330633637306532373963656538323430613734633531666435
33396233616364316165343332663335633733336362303431376436396230303861646634373663
37313937663530613736363131313739623733326233336664613666616266356362333938633765
30663761626539316238636431393536643762376662646639643766653261663938306565633166
38613863353732666161633462323464356435376330633639316663643237636232303733363134
32363161343132663636303434623138336536666437646266646635656137383665663562373833
32386634303138396665356334376363346236386534363063666238383062306163613732643934
34376566616566633265393166633931666461313664646636623663626637653737643136623739
33356238336332353564356139666264643837396363643936316534303661613836383235653438
38616336613863336639643438626261653034316133653935613531653462616533626339336636
36376166323463383637313961333161343562303636626465313832306237333133303331386639
31646335343838643461633639643430363130383765343738613734663664636532343561373966
36643538336161363337353865316539623262313133626339656239333862653930366131646566
62636636653731646630633237323833633334353564666562636261346464353734373733636532
63383466366435376638393438646661356531333664363730333136306633393733323563623265
63323965353436633733356537323066626164363331373662643230393465313034366131303162
39656233666265326432383838646532316264383765333039636137663136646432613636373863
62633764316661643166653066363131623366313464396564316134623534613232326235636236
66363337373835303132356561383530636463356165366233383565666631343833313364323939
35303061353063373733623330623330333764343931633633333137376338393065366536376339
33643863353231333965643334666231643234326533376237633861353732313861656166613034
30393739646533306135623834653733633865623330353137663961353462643435376533346563
61376162313437313632303633333137663063636239616134373632323762353462356664366561
66626663393432323466366234633437346131363834376265333635613564363030313063326634
39373038353230376430343066363465383563653038346335663030653230653036323531373462
33383934633137633031326563613465336636343336653365636431666637383961356632663762
66643136383438376264336362393361623931333330356530393435316436613565383135366331
326335356461396238333532376364663865
