$ANSIBLE_VAULT;1.1;AES256
32313631343930613862393766323433646333633339623536646365363964326163323938353731
6661616164343832316162333534346433623363373330610a326331393838666137636135323664
35366263333964626233353538326261316136343730636664343061363434333935663966646337
3363626135663036370a653233613531373862363733363736343034353931656466626333663362
38326339623239613733363637633261326663366663396130303538313862333164616165393235
64356438306266393633643831633262623038343361643331356562353065623663373232666134
65653363303130333066653530313564323733633462613139393261616637646437623164366337
61326637346330343533326163643037326466353362656265333961643535393139356137623365
34386638396232303837386331636436386333353065343437633131633366613031316232343736
31616365663736656264376130323138653065396266613264383035376237323434666461373564
63376463363331383330326463346165336532383563396463356133323266613161376134373964
64653632663962656432646463323461393530626634613639363962646239616436393136303631
66646163303439313938356134306436363062366133353362613066643937356438303130303334
33636263363532616434666537396136666366326137316134323662306634363031663764643966
34623935396635356435373931326136313533393034646531663836633664633635363631356134
64363161623930373765343035393437383762616131366162323065383263313336353930666536
61396262303664633864616463383439386433363630613332373931643233623162646130663030
62393764653030346661353062656361393638383234393634633533626131373134613037616361
34626566376337633135316532613436643638363532333864343238383364363031336535303039
32623861333064623237383035373730363230366138393365613362643861636239316239313764
65313761663261633931343435613061363630323533393765373963663461313130353839663862
33393031666561616666623464353335303332623166393335303334613639313163663132626230
62373837653335356466613665343032356637353436373165616263646230303562386364643836
64303162363666626634366639373634366138383030633836303165643832373963653165616266
63356237396565353865646163313663336434623035633434333933623865653237393936333764
3332356665343935363131333264666362316463313862653863
