$ANSIBLE_VAULT;1.1;AES256
65343766373836616366396466343564336262623366333632313765303263326532653635313431
6430386561396262316533333937363931306633663636390a386432373434626565613139653439
39666562373761646639363336316432333030633132383933393337343637613934383064663038
6264386166376330650a313030383431623564356366663837393762663631663166663863623264
37346361623938643531373739316438323037633066383164343731303032356333663234396238
37353332366437356561306339396165343561633866666434313039646264303965623433313237
38353964316339636434326432323462613033313661646466663232363661373664636465633036
32613864396530663037353434333437633035633337336235616236643337373632373639386136
64346266646336613165396133613933323439626662313463333335323632386465393633343238
37313065343361373636343530333863353430383363653138653962626463616435306237323434
39306566666437386564353934316230363738613635663736303137346432336262616137383063
38343031666134313161626639393466656531303436653837353033316235616234326233323263
32333961326565626461386132303161356138613534316237376562613464303136656263336237
37653866613436366562623932386539633430653732343661313737633366396661383637376264
37316231303232363333356634353962343863343937383339363563646634616130386630646137
35333337316162336235636433356663373364366164303965366336346631343833313832343135
39316563356632373062613138396531386436623762643863353939363365656331616137613735
37623262353838386638386635383866366636633866313433303864336133313861353835653639
30326664623835666437646130646633363663393661396137373038363531653165666433386134
37353636663266663263633437323236666530646262643361633033313931376634386565383866
32656565633934323037336435343835343631653936343266613265306638326132336536333930
38393466613730623530326665373938303563656338613335333761633932333737626636366164
63383564663864653431366266353137663331353665656137393039623062613530396235376336
31303566653133363938666564353637346337376336633161313962333338326332353432393761
62653830663833656238303664383139656562326332343235346164653330316464626662616633
61336436623865393263343135666635633937313561623564333465353762666366393561323764
336434363134373132393633323637633132
