$ANSIBLE_VAULT;1.1;AES256
63353036633061393965366337393362343064613866613464633132313663663065626138626230
6663616163323836616538386235663763373138636633340a656164396136653939376133636233
37393630323937353537633664643362643330633535373265643932386263323634323464626533
6662313937613732620a623465353038363933613332646439353861633063643334636336313137
61326465356338316562363765626531303636303866363533623833656663356332356665383638
38613366643039363664346464376436633561363434346661356562343433633930346661653964
38373761323339616462343432366563633466356133326661613931303063393066353331343536
62613634383232353033633739633830333162663232663464646435356635616239376266316536
34326464343032366434663862623761386130373861366366313533306438376231633538363831
33343864323161346639643763646261656137616234323666636664636430653735373663633363
33333034313032633331363962373735386631343131326633396265376536336337363834303664
37306236633466613936313832663562313964623930313466626439383131326330386233326164
30396137343830633439396238333231323365326264333165353834323132356534613635633536
61366464333839323463643232663764653764646365373633653831613665393563363036306133
33653466393831366661363038663435326132633338613131313064623331313861613763363931
33303236383466613263
