$ANSIBLE_VAULT;1.1;AES256
61333461376538393065346139643266643165333230366531376230383836393066346364326532
3966336632623162663262653864396563396638623366330a663138363139346435333836316161
62343232643966393966613131636564663732313861613537346238303266343730643335376637
3135633366356630330a393064303061363732393862363931306233613435633431626138383539
38353764336362383136353936373661333130343631636236653261336133636330633764323433
34303435393031623261393035396632646361343834373530383733353835363138343331386462
39373532306539626462346465303730383435303032396635336261353162333639336534613961
61343863333039383239313136396438636566386430666231366332353536646530346232376237
66336561623531313231613936636235313966346661613965303738613634303863313536643731
32393538396631626237323535346464343462623739303639663032363361383431643164323736
39386162386264636430336337663466393262313665303535303737636366616130383536353665
64326566313838396338346636373239306530633037396433626639656530326435326162656132
36323830643331613962623364653366623661653831666639646461386337623137633766663434
38373430373135316564633136646131636264633664646463346265653763653533653535386131
31656530386538373561643132383661333838363565346465336266336534316334373934653561
36383038666364623466646530303865376137393661356634393036663737373931623265323265
61396333356436656462346130353765623938613231636165643735333032386232646266636461
34326461626335613565376361646530363161306133306664353431626638373261653465313138
37376439643461633139656435633865393139313061316531326161396535663438323764346331
62653335373665393739343235383936306263363162653164343934333262363231386234363664
35646539356339313766656635653930653635666361643933376137333064363964326330353562
35363938346161333334653262376339633361363635326564326635633238323838373237316262
31616138393134653532663062383633643732623132373566633638376163376634306238333030
30316534663963336136356362376563386164333238373566633263346631316231643531623639
32326635323339666632303831306364346563343330656363333433653737646637323531366434
31303635353465636666326230656235386463303730356437306635396636353765366232333530
39393037366566313864626265333836386438653765363564366439653038613761336431636462
32343964663939623237353737346539613938303564316535626336626432623035306263356334
63326536656231663739356135653431343462643266666534386463616462393632663661643934
66626634633863663466356632633636316231386336643132636163343638356666613131373230
39313539346264376466633033323239663463626461383830386630336264623162303438623366
61313766623931383065323930353262626134306136623931666236326361336239656339633463
62393738393530363962656263636539343933643363663136393862636436353561306634636432
37343535316337313537613436373931653539646163656133313561373038663735396235643262
62326361356365326662316262636365663337376131656563323663303430623564646365353039
64393432383335653436636438663963313664303834376433623435613366663834343335323336
34326534353931326531386339663961353061303566396433666533633762393666346366653664
34303762373461613938383730653836333336346639343231663235313431316538653537643731
37626263616637643330636164663364613834653465646266643538306337326533376239373066
30613931346236666234346536366138626663633835386661666231313438336362356536326137
64626338653938643030363733386434613961643631346662376461376433666635343736633866
33386337636239393733383566626365373163613762323737656138356539393734663363636264
62386135623434633365303230393232373035613263366439623639613162373834306439376135
34396164343233356266393032316133386161626233333136373130333034396664366431653732
30333835373563323531353664303539366164653531643566363833316363343561316433306461
61653037323637346664363137376562666537363631306136346565623963623563633262373432
31343435376566356262393037346631353538306466663539383764303434383137646163623062
37323037376232303635316665613264656433633766353334346131616263623564386637316263
34663064643336613463313764666139356235396131393966333562346531333462363333353036
64363235373262343739626432313137346266323139346265306166396634316634306330393033
63393434616362633539656539643265396439333338343564653162346633666233653465656361
33363937353130356132323530633337636663616634326633656663656236366535366136393035
34306662313262373139633732653536633865316438653933313639306563616163376439643931
35303137353766363361626230356135633534393432633964623361336165373863333139306131
38636131646464356439386536333138626132653733646664393233653665383834336337313164
32313164343732663530623436663165356332363836303666653832343239326339633738326637
61353033643234326132316234653231333131643766303330383230313633343962313635616564
65616238303262393963323031356562666361323363373931613531653730393237643361343031
30613666333730616532613538303531346233386438633935363933383434383436363533343631
39623838363934323762353031663034336139613863356662333361313566333262616134356534
37663663366162383135376166323862343362346530303963623763356539626531333461663435
62373762616237653139626434623632656366636130373363353062333461613430623330353238
30333930623461336533386237303031653031623934616263613032373762643865653563633336
62363763646135636431
