$ANSIBLE_VAULT;1.1;AES256
62393565306261346237323233316330323131343633376562633065636533623662386238343335
3338363937333739376365396364313832643530303937320a636339366566663732353734663236
61643935373839666235353430356562653064396633396362323133643232363233306539333633
6232316339653433350a373963313434373232353662373539343038323162623730613562313666
30353331346130346536666165386566656339393030343232363130653463363164626239643763
36663738366634636234383865356566336236373735323434636537316163653866636561663630
62643263623665656331346462303338333561386535336165643561333761383938343038333433
32373134336264366161306361333261623335653837643936303161393531316465353133313066
65343835313230386332623530623734636539646663303061393766313336663633326464366438
61326664323566396264353032396336626339383339393136653166386561316266346562306337
31633234323762323638643864323839623233353539323631623462343063323362666163386638
66356434313165376361376131353936666534346364373361336231376132633966366633653264
64326166353139356130323533303066336638663231626434666562376164326535373838396639
36393238666530653236653237393436663738363730333630356535646662623934653965656363
33636265653933323561363232323665393236333932656161366430303131353537393162353638
61343464643865323530336633326366346263346164366566646465623435333133363931313333
61636264663138623961333662316266386634303836663634346662383539343066366134656532
65356433346163353030646537303566643439613062616462653030646339313364343034643461
62623038326562373435623561633833396438643635353966666531643235326664643530613639
39323239633765653332393966653936656139306162663137306336306231626162303134386431
35386564356336333163376463366538383539653062376530353835356233326436646637313535
35316666646330356130356231323365613562373730653538663361643934323563633930386634
39643234336239396364316631666431353765303038623164646165326161396335326536636266
39616665383266343538326632396165346432303634663363386564323935656435613239316332
39333432313066346433366563396165666539393963623564323563323439303665
