$ANSIBLE_VAULT;1.1;AES256
31623935666130313765613938346132623766303061636137393830626234376435366363653963
6238356432373830383832383666343363333665353533650a613765366632313461386266383834
35616563616363643966363430303237313738323337636364373564363936303563623438613938
6133383936383764360a333639643739313762656336326439363162303932316661306361363832
66613364396466373364386566333936646463626665306539613534663336346265623063363432
62366363346436353039653837353461383764333537333438363436306530343631616161373431
63363364326138613334663662306433613361623064343732373631373363646332626331333066
37393238316132303531323866613861373135343635376264623163643333373034346137636433
30616534356132653938643738303639343430303463663533373862633130636263313435373235
37646663666437666234386562323263663366396639343637613437366166336137303030643164
31323966653739393662353734313166356266376630346439663134333862383932333434616233
39383466643939626139653136376132386566363036613165356331623062386535333761646238
66386237386566363138646365366663356335333737393566343838643630613134353861356263
34656564616630306132363864393334656133386565613231663636376237343263386561303737
62363962666265646633663866323563663130613939363265326436633634343231353262363064
64633439356664383335303935333564633262643364336438643331333835643833313965326539
32623062643133626562633463353833333438323935653433653262666633636135626461643265
35373037386162653865616639336532303563363838666331383832366231666663303934613163
62653265383263303131383564333664316666343564636633386438323834643966656531663436
62326361626365353733613365383966316136383432626138613161633261653966386438353839
61343936346534323935373133353831353462373834643434306634393664613636363866666461
38396232336137343365666139393439613263356566636266386634643065306238326532333234
31646539333635343631353635333737656238376136323866306464363166363635663862396539
34643036303161386463333033323730363735626261333861356337303565333137643132636333
38383363623534656664643962303965363837373430373736353932383039653434313430626335
64376637306163663630623365396461316665303939323034393130373934393363666561316639
39356565303563633861393039363037623235643363646532623365343133336563663434333937
37376639656363336431396461336235663038366334383661363263663038626133343238353238
63326331326639633430346534666564613036616362306635313362663764333364376161356233
38366364626166303239653237653562386163336437613939326238353265343435396437316338
65613262353232316437363163323764383834643864353139636461303239313362656534633266
61366461373135666438313932333036336537303464343963323339383063353639323039646435
34303062366266366531346661663965373936373166613036306332393137383065613464653562
38303461346332636661663366623664356432326333373735623234386237373439643166363738
31613332303066613332626330656533633330373261376536633162616139386231373135343765
30366535343233613735316236613061356266616166316539336336656436663038623837666232
64313337616539623630666332366166323566363364653863613666303135343463346238643466
37646366383961633962613535333039313631333338373736633961353631326164303835663334
33636563363564313039303063396439376439333265623535363864623930343934303538643130
30326430646631663562353634613039376438376332343264353131326334363761323063383735
61636663613139656565353231646133663633643433653937376435636230373262313337366239
64326466376562333337636531343766333334326232373761343466343638623237653039373437
66316130363135663431613637363531626432323265303464663431346464343963363464656266
65303334326237383763646463666233616236626635636166343134393661323639613063616238
61306366616639626337623864663232386539303466656563366537326539623738336238313931
37633234623430393963313163323635393463643430393663666431383564396464616436386431
64313031303836303664323735316562313665656232613665303363623837306437663138626136
65316632376234306462366434303462346633636539646365613566653036613036633933373865
65356462316665316431393963356364373333383736633037623932663263346236303965366132
38303361303263656538333464626164653739323935376336616534646562626466386338306332
33633562393930633366656266303231343733386434343764646433323766353431333638353337
33613461316633386639643462656336396665336431643738356663313361386430383538323632
31336430386639666632303432623865393036373963336139623730643134316534326337393838
66326362313862626165636130653739346137376361616164643765373461613033613062383463
61303863313131626637613163343763363864656635613830383332326634363033346361353964
62623636376365626531393333323030343539333939383335343733653261613462323664363737
37323236336632616137656635626462363439323763366463336134363432333231633131386564
30623164653237333661636365643462623539326630373834393136666533366538646464323433
61656132303031336665616465646133336339333166353430396666393936333562346365366533
34366362316538346636656536633665343439626564626563666538316363393733353864396337
31386366333264616433623039393730323266313462623435393038306333643233393761653064
38646133653265353538653265343932656564643636616365613039356666643536623035393637
30633530613034303735376463653463653364386235333730323335353535633762336335633032
31303364633266363262
