$ANSIBLE_VAULT;1.1;AES256
62653439666264666161353333306461623337666131613163363164323138646162653765653762
6337363265313935313364316461383132373737663662390a356564663434333335376462656338
36363866383561633931353834386637653662666364383861386230383336653635663538353834
6432323862653164380a643662343461333034353739626538333464656632353031623034646438
34303038636531666533333337623732333730353262306136333631383036636666653532366431
34373233626531393962376662656333323964653063383832336432646165346431306665326365
66313331663334373431306562666237383364363763373666323664303662613335643937313938
33616137326661323430313262326532336130356634313036613366643436366263313163343465
33363763333239343165363738313734663337636132643636363835626133353934356331323361
65646136353764653931333164623565623433643138373031313666643930333131656238623663
30633431386437333634363733643561313239326537626337396131313933656563336662613961
63323266663331376263373062373038616566366261333933323736343365303839336130656465
30623433356337393061343831663266303936363161643330366166663333373337383332623665
65643932663363343737336665666234653530373831316337643838363837373863393439366435
31633964393732356233373231613636346662356230303533326638306166323930333265656639
63336339303561376238653362323236633463373439613239333930623962306537626565636562
34666162643839613464663338623534316337303034313735326637616234313438636238343837
38363135386261356638356338373462383064363163326662326362623232383239383566393330
63333462633161636463636534336233373238623633343035633637353430626138313536633432
61653430303764366161366135393563643165363335626438353532346539336338356432353266
66633062663766663438373735633230646134363738643335366236663433636439366135656164
39613863313635316134623530663438303962376132663161653739633661353433623834303533
66343132363164633733306135343562613761623066336430656233633139363862326238326165
61313863306230343934666436346436393031633861313238313839383166333231346462343739
39336235613931333133633836353636333264313964353136633166363966393666303063626266
65343934643665313030313131613661336131363133336362653964323738333763633266383865
39626536343830353733343264323663346639653536393133363236646131616434376235366336
66653330376336353665316363366337333339616230363536616465643034646364646535316339
31346636666632373063656366666365653334363532663763663636356633323266336336643966
3737303263306234346636646631643237386164353266336435
