$ANSIBLE_VAULT;1.1;AES256
66613338346561356131396138366332316531303937396565383630313361613966643339623732
3036363635303465323564653532613162323837666365650a356462386463613336623062306335
66396364633438333738346361643330393266633635646165386337663032613134343164363565
6537663066666636310a653137633663646563373661343461616631353864396366303837636238
36616639633439303032613033323561303134343462663335343961646134396665666363343762
33383439343036656237646236373431396364313861663132393463313864656238343035663665
36313863333332313231316366373534616339626162366135613131633037303036376463316564
63333335376265303139373435636530323266366166366431663335613261303661303737626262
61653431633239396130373431636334623234376337383732383838386166393936636537373964
30613337313639303962373236656165653164383361373136363932376339343462613438303566
32323630636635653432346463383836653533666564323834323062653534356430643464393030
37326431393661393830663632346132393839383437333230336562303062343333343434336233
30646661626431376532646130386663323939356132333839643537656365323165613935353362
65346338363839373235326138323332323434366461656537316565653835346639636266626438
34313066313337343830633936353534333533383462653535663239613233353536373861373035
33383636393138613230663530353838636332663566663461303263626430653765363934323933
66613835613265376139646264313235623463393734363232336630383531663862376137656336
65393666633532363030306263666633313438656164393464373936653539333865663862396339
32356562336466663238316663383433376236376434396638343232343937626533353963633839
61616435303334643434366632346162316566303032353237633533363235636138363633343834
31316361613233313363376130343133316636343833663165356561336238626264323263373534
36396262303162663533336163396437356662373362346239373930663663386534623236656661
37393234613337633235323661383439396237653861366566613166333466396237636331303365
38343837386636663338643233663537643165313932653363303735383331623765346339326366
37613664613339626238643162356666666430386564376339356130663461303234636261386532
30663532653830646431333136313132616338373139336137613336383336656562303637336530
353038383937633064333961356264323666
