$ANSIBLE_VAULT;1.1;AES256
30383138643636316562306435616563646664323961373432383665343764386230343331623239
3639396430313732303036656561383063303638633734620a643637613831323531643536613562
35333561356438376336373932323034353538373333343231353434633366353461383834313164
3032303765626233340a643531643833633432356435346330326632303339363038343736613466
33366564653238396662623736666235666238356330666530626236376637373635386234336262
65623762323361373366613163336233353033356139383663376233636137313830313863313336
35666334326130386262663631303337636365623933373034353634333436336562323233346665
63363435323234323363653135323361316266623865323264323136336636303562323263393062
61376632633966626262396634643936306634356539313666333433306663343266393535633236
65666331653862323064613530613861306438303335366464303965363361343665393938326237
62356230646161653430303363656463363264663432363866623335363562646131353231326334
33353032393562613635633266663837643861663133323933336335326332333564373834623736
37356338653663323838653536323732326365313366616239616431626435313164626134326233
64383066396163343137313766386235333163616536373764353335373532663938373332383162
39323264366362393562333764363161313939316162306561616335376134366666333337343138
31643566306236353731613162623032383435323231343338663563613932376666393336663231
65646262613534303165326437666332313435613730656537643161353463363661643939663461
38623432393932633735396239356630323462306230396435323130343532383232383239366162
65393039303734336637616630383436653939396663303435356663383465386566643262343636
64646139373332383230623435656530663134616638313630343833373739656236623732383930
33626434396261353164363534646364363564616437383763636435383535383732303431343565
65616339653466313530376465633064373934343564306265376166306162613461336339633634
38656332653436336462623037393332303936326562386331316438323430326638373161353366
37383162323466393561316131613963386362326566626139343764303934353365353538393837
38393064316163623139383138383864393562393039386563363862643231333166656163663631
39666539383330666136643263346232393436353061373138653363383331323133323965313866
656139656361366265653366643963376237
