$ANSIBLE_VAULT;1.1;AES256
62656562656431356436643237646665343230376266346635623561356161393464356161386332
3337643337636261356634356130656265633437373461640a663439306666333439333864373365
35643734633638376535393732303635633735313030613837393764396131393531373039633131
6566323731396130300a653034383034646530396233373965386638353132363234323762356361
62323364646564646631323161646631383733323533616232333636393737353536633866663661
66326438363730396230643930323566316464373632633664306331336234643639316636636137
65326234343938643263343431366331396237303162666637333532316536623737643766653730
66343362643835333661393064306535663533346362393266393932333764353239333335633131
37656535353161373232376234393963383064383138396531656132306639373238326137313239
62653161626134353636613266343465656366326535333833343334383463373262313530386132
35363132373665663666356565653366346434306137633838363666376164326664653436333531
64636466643232393532643539323031393661666234396363636534343362323036316438333266
35313735633533636438353431636235626564356338313739386230303761613030386365353664
62306437663837663738623036663434333866313337656663666461393936343935373561306435
36313861633764336339383336306539303666623635393861343862623262323736323164643836
63326332656235383134333235383332386230363237346136303464363335373938663935613166
63303033373635303263613337306536366530346130363431663330333836373466313961666632
61653365613238346537323731636633633637316636663630366435353964323461646261653865
62626665323036313932383462336431663638303834633532356363343336633339363865366564
63396337666661343133336363313439363264366430303265386437356630313865376662353034
61636136336134643831323832316135316234303834336335333136383933623661396461633838
64643039613739616165396435646331303632323831633234363335653636363363353133306434
31316638383431613737303166386236346364363930623261626636336636613863653064303439
32363565356335623662623530636136326539623133656365623736373135623965306433363365
32386461363139366561386463666635636534376664656334393536313033666530643664333737
65393337303161376631323763376262363137353234393062643932636139396261636466376338
35663532306638656661653439643635346432613138376637646232373539353562336166376639
38333433356564313762343462613030323031363338336263616536646264303263343938303230
36626361326630383838323137366265643533666538613938656338306337396436666630633835
35363731396432666561366431316331343464616633663533393031313838623730306537613161
61613837316664626231383436636631363933393265376638306162346134366339343464663866
36656430353561613037316263633439343632323261383830666563383066613237623363633031
66333336636438643666636265396136663063333264613562636635323961343464656236323630
33653136666432623366616239636339623831303338336465356636336336353439343562356364
32373931656633666661303764323437306230666566393536633737633535616438366138623565
38666135636339366364366662666434653136633962373730633939373263646433313664356161
61313164646663666335373166653138643966636563393834393434346336633739656234393537
66383563626164653536363030396437393235393738623933393963303161613661386231336662
33386662613139666464316166646336643765386339636333393263376261333463343063613461
66623135346332363839643664303563663636396334393432633163346138656163353131366234
37643964383736613961373536396366313739303561376264666633616561633764316664393561
34623738643461393537303133613236626135663433333337316237356363616433363866343561
32663437656166626365343233393632666364356234623436633163353731393035343533313964
30656266323732633132613264396136656639316263386336633462356137313938333661376136
64303166613065633238376633376563313434653839323634643966616234343434633035646466
32383833383435316230323461613937376538653066623564313231316361373734373233313963
62373665653634633238353161316361396664313865306432326339383161373364346164653434
38303630326330613966666136383662333434373835663962623764663931326431383231383335
66373162373661396166393130616466623264346331393636616530363431326463323930396638
66623466313661366138333733363264366234303665353264303364366532633766656135373832
61393135666430633430366338626437326264656331326435336363303266653165383465333963
35663234333136656165623764656239346164383961646436623636303863376535353136353065
66353330373733646637393334373164346666336136383961666533373630353631366133653936
32646665646235373133393532363230386439643838353638393335613737346561376662633065
62363662383433323534313737383834386561633838613538653131366636383033303830643037
64396161353665326262313633333635353331383339343137383836663530313938656534346139
35333762316161646139396136643364356161663564656633353732323266306364663431613137
64386466633930366238613162646131346632323738386238396333633838303965366237613139
62316336336539336666343436313438306364616662393735623430666332393339616233303732
64653032643166323436363637333034333631353937633034656666663134376230343434623035
34306337363236663836356135336666323036373837656433393131616234326366353738643638
35363336653739623331326438303932356663383131623537636530326562313966356336376431
65363963646339376663313037366433373437643561383231316161626661356262653765323731
31626136343862626464393831373237393465396562346639363230643463363132313736313833
39346631333535626439313662336132346336636261366165633363623136326562643362626233
34396361376433303162663531383264383936323336663139323661623431326232653363336130
65633565633461343138316335643136363766366232636363343764633036663832376365356531
65666230336335356432633366353562343061373137373963623833326630323563356232623232
62653262323166613137316463356339393561356437383539313533643662363366303766333934
61633636313034643739653361316338366130366235353363376330363863363837613662393764
30636661653963643736626330646530373830663436383432313239343937656634366436363033
36383331336261353961616562383563653138643634653063336366636239343764393536393039
64363763333463663832663735333566376564376634363066643937353231363933353665393935
64653134636136386134376636336139353162653063383030393364333066353661656538613361
31326362666634373637373663383638363138306233386437666239646133383765333937646434
38633438346165333338613739383236333930316436393264666233666632353530303362653364
62636431346165363936393461623934373238383838666464303034393865656132363735373535
34383631333830366134323735646336326461333265396338303232366463623532336263373234
63346466356637326664353035353833323364363466653336306537363565373031396565366330
34303737306637343432393634613939386161633738316266643130366532656163643663666565
34376234366537343831396531323465373335613733636363333634356636643633663834383866
64663061633531336636343964363932323763653066383037356634663434336337663132333162
62323739343862343162666464343065633830643830343134323331643561626632353137333737
36393762373863356333326132383536613130343065383162643331336532383235613933613165
66623361663265656633663235326634396238366561373333663662313933623238636164326432
31323132353762373830616438633566643735336630653136653838313266373838333230656131
32653564363066643638383864643635366439643866313866613861643732656330333633633337
63653233653064386530353366383837656632343738353838346566616361373831376562306639
31643034343731643236356337386561396532616337346434393061613439343034613865643236
39643264363961646631373863386238626335663763623539623031373434383962343765313635
61653230623638316432383866613964616536373630363134623939393633373666343766653535
35336630376466653761353634316163363638376336653963373831363561386334303365326431
65613064626361646163336139336364613639373732633964346339623232663361613330653565
65366337356561346138643335653039343839353235626139626131323038376531333166656436
30653239306462353432313364616135373536366362363765646566343961623635636132343037
63306161663436643133306332393035333430313937376264646438623332623661623437336539
39303064386633643331653137393336366138326538333864666534626231643665363433376533
65623831626432353630663164666133386164313862386335623234346466623438373666393561
31333832643536313033666162613737306462306566656164636263616431373136663266386433
34303036616334326337356239343263323762393933646639663363653931643166313062323737
37346136666266303762333366663839373263323034373334363937633264333166353061303737
65316537363936313137663531343636333965346663333366313032326162663030346238316131
62383934623164353865666639353763303962353736353961656536613463656564636332306166
31613562343639623836633133303739633864373735356133376234316364653663616537393365
63633662316632653664346161303734333337653730323963376139386564353331323162323130
62653439313562313937663336316461623961356561363934363935366561323738386534363431
34323362633833353937353834633463393537656539396462346464626533306539623930356664
62306132613232653961383664333466326563373632326361643363326334626633333464663734
33623564376436356533303131303964376132323637636266363861333234626630383935373734
33383032393163353636656662633461343062363634303464303261613634636566383833663934
66373031393237373566316663633363333530346136396630633739656464653362643630643437
35636536376337666561353335386433633266663737366434306362353131383231366439613762
63653130376462616538376334656238613634303664363131393235396636653664306233393936
36343030633436363037666230383534326461336331313962316437383236336565393865323831
39616663363862363062353433363861386561393631623861373062356231316535656565653735
32643038666135366438373034333265646338313039393866313235613736643837316438333935
66633835653538653032353837663434373032373631666162613066336638346637316231313832
39656433376165303238343930393664666663303265613566656166343931636130333062343338
39353930383530336565636436346164633961373165323966396339356439626533383165626238
38383230663034613066396232636261303265306265353933336539366133383532396162336464
35363231393334323033383262333334313964353665343339643131326636643365393235613063
61616464613533343738323334643132383732356234616238343130613733646561633364653437
31613832616463306131653232376236343035663533326538623936383139653239663131666632
37376130303931306261396161396362623831353964316462306365636233306263633235613165
36653866303937633132316332333966353964636432366363663138623163343965346335396433
34613435646235636137656566313462346266666238326136373162663565303465636532383466
31303732656565363232663530323538333761323932613933643232636161623561616634313830
36326262376161356432393237303637386536636465613665373535323166376237666461613661
61343731363561643235356434643231306464323731653138653131343361376639303437666532
37366361643431636361373639373263376435313634333331323161373133636166303765346462
61336336653939326163393631313535306439356133306132333064326332393935363331366666
38353532613063656531653136636535353466356663636134353438626330633934356331323661
35633631363032313764353335323138363036333531616461313665313737353061353462346161
65316438633033353362646564393566303332306638636530616139383065373139613162333236
32383231653633633037353930666561666262653735633763363038663631313130623566653533
64626631383961343638376566316165643935613938386461306335386636646432353735333462
66383565626630306634343036646461623638396666633366663839383435363366363631363832
30613564303536356333353131643537346162393930393565306239373765323163326535653838
64393133393536626430383161653166613132666334373432303262653661366665313565356533
30636366326137613966303936336366363036326531363035306565396237663466663634616435
38636164356665353732663766396635306438313438363762333361356464393861623263363638
66386235303339636664656330303766336166356335383432633866333736633931653838666131
34613733633030303430326332653830646164373135643166396131613364636232636562653835
37383039393561623830393335333630336432633832316530646337323833303731386364323762
32306435383363316130323761376636623165613064386239636432343135313538376233656465
64323563343536353161326366663363616264663731653065386263343065376639346566353239
33656261326162653162353562386438336333393062366163376635306465313036663532376661
37366362646434653331316665303363386165353935393939633234326231303066663063396364
36323534653738346139373036383730333933623739643866356631653765613366636234366466
34313235636537383037613934326163626235663437373661333533346137303336633239303631
36346333306138366435613231376637636337316130643633353733336334383832396536343863
36653136323065353532323734663635643335616331363864633862326237306230323836333566
34623136333939316161336130646263346261373262356565653334306533393563326239386537
65386536346638386338653835343733396665343966323633396361636665633838633833336165
64303866386638343330313165393163663833613234363236636362333165653030383534663661
36383164306332313737396333616333353030623761653266356366636365353335323661396364
63383365343762376665623663333836346533656235306366313436623766333836333738386463
65366437643265333534633165373235376638393336363737306663383666363530393932326665
65333361333564356261393166376466393733633637623661643132356463356563643430396134
35396232313039376266663862383533323635336265343431383637303761623737623939663237
65383139303333646430356632363731396331316434316163353037373537653437633263333134
37363039663164383366306566373730363535656132646438393732333830653032623336663533
62656466656333356534323439623230333937336134343436303338333532346337633536323934
65626564303138343339663862653366343135393931313930323033383030353064303431326330
36633431366436643230383331653133306562646531643765393839353731366436623562646137
35373433323166613262646433333737316532313330366137326334656463653263386437613164
65623637363431616265316163356230323063663234633134643839636537636533363136316639
37326336303365336436626433333533393966363864623663306537663566346136623565343436
33626233356131396163666164663062333664636662343538323663633764343639663235313263
31396136336165396530363165646130366361393561626363626462623233653666663232333265
36646539313833616266366536393561323936396137353433373362616338383439356439616165
30346563633338386465646136323766666135646634633431303963653163633566316637666566
66663064353265363339323037663065376334653363333262663535393662323464306339356438
39336563336633303332363938643735356630666163663936323961316362643337656166363333
36666562313564393739303230326461353661386361326362356130663334343061356535383433
63626638613131623439616638653166366263343031373762393063303036656132333131363532
35646461323535346465346362363266326631346437353131356664346661366533363966323939
62333464366264396536356335616132353637616566366265623637343130343436316362386432
63303263366137333964646565666666616230623039633030613834396361643338663237353639
34353630356630623630326162613436313766363631656466316538636332313234623331356131
35656339616434646662633933396365373234383366363731343731666433663165396264666539
32336336326663656263646135366332376131633735373062353637623932306530633431356162
31636265313563643534326532646636336366396262613330326361356438373931366363623365
32396634653365663833656630316237343462366135386264633362663064323462613162303638
64326365323766376631393064346332663465333035633733653030616632333761313633393964
33366532323563396133336439343065326662353032626138353564623935373765633335303566
36396432376435376261323232326566343663346536633062393437663165643336616134386161
30383865656263363966393561656333656338623134623530383937313834613537363163656366
34353162333135626162386330666132383733393564303531653933373832353866323937323363
66323735373733343433313039653536323964646430376438306431376562343134373535343863
35633266376235316164663565663362303962613162376365383038616130633839383061393839
38386135333034363666613936646537393262316538616337613533653237373264633935316338
64333431353662383361323532666161646339333839643163343836616439613264643261326633
37633835626539656533633664323365386663366335316531393865363135656565633866363661
65393061646137343561373336376439643264656338393762643731363835633337336536363036
34653431633865383235646632656131356466393231383938376433343437333864396534336364
32656365396636336434633763303063373437346631623336343335386234346465313031623063
66323339386636346335366339363732646163633335663637336262616633383734303866336535
31396234353262383936626339623434353231663661326230623737626335346365626534396531
61376537346366363337366663323665376432643838376533393730373436386331626636306661
61663365323737396439366431613561396561633665636330363665636365386239663436356561
33333535376531306464373761646433656364366163363331666532323536306537336464323964
32333331336539353466366537643232653563386139633332353138313764363736363338393932
65353336313131623434643136383936333833653331613465636532356665393431353736613933
32316233333462313962373538353330646366366361623333343732303132393661316465626531
34326637316164383364326630316433316431303337363137666663613734346566303365356265
64323862396233383232376233303130303963383962363765663831623164623865616461376530
32666237336233316239666136356530303532376465616437303166326364633334313035393062
61336162353636623735646536663864626338663634363339666532396233356237353039376563
34366237656662323061393836633137363262326365366534313261613065323364383861636335
62303630303631616566633762336339393763666165316230306366303665663532626163333534
30643263356437366639386439353039633631636135643463313632326630333966316233393663
66333466383733373337366161633066393364373332333232393633316436646437343038623830
32663864623665333730663235303832356532626432316135613564636630663264366362376462
65616366623731393233396137626239653065643764643761663733633362663366623837303638
36306362343834373262623366343266656133626465666330646235616232336463306366396130
63613034343635393962306536623330663137623464393666373132343133383864353963653738
35393734383361323735376435393064306630353165636632353739343439633164383761393466
37313138343738333664376361623266376431333935336137323261366366653665366438386432
33613639346134303566383964326532656663636535303534366238376164393436306430353463
39613362323064623666633161666132383961353631393866326166393931353662326263323237
64356534613562616439346562386136363734646464313634353962333165316132333663386638
39663431343831653332636234356236363063633264626663326238373538346264626438313766
39396635653961663238313530393439393039666461303338396366333633663230336437323161
38363561613036616463346235623533353730613733343539383934663663316137386262636136
64646137383032333536666436643139333639613662383630616230336363373237393030343535
31306139643466393265386139336363666432616666663665396239383361613963376165373561
32626437656338393837326536353362393837393665646432343933363939643332626265646631
65653737363833383332303063393536346432626432653664626537336531373933373339346630
35646430336463346238323437303661353432376463633835343332623631616661376265646162
64316531623236383733323665326666383733333266303437353466363236313338336134333639
62316130663833313336663130353938303936383939613332353166383861326563346134323238
39626530623461653964303238653337333365626232323561613339356635393434616161633737
37386665393662623334623031663732643135313563663933326438656637646130326162363861
63363862333165333464623231313731623135656537383565626236363233613335636465386163
66363439316531383639353036323839373336346566663166623238323562613038633463343363
63386133613362636336346131346539626166663664616639636461356235386465663163623764
30643333636238383534633133363461636165316430326262363331306131326565343366663638
38313162303632633362383736646162626232613432643439623638343534363666386433313239
61313736376530383562623837323231386361383239393533396166336335373534326264363433
34616332656535393062653964613562336237343838646363313331323534383431656565646137
35316261306339376537613265343638656165333737316132663761373632343262343636626365
39643764343635623739636535323264636539633738643533303039346365363434663930623062
63346561366565653736656630346266306431396637333162326536666564323664653231356637
65626430393531653331396666646462633161373637356433343863663032616637336265313838
64636131666332396433333064613939363264383461316239313663313566376435653165323566
64633865313963373262633434343734623634333366333430316663313834383336383036643763
37353862373632613165326466626338356265383131616432626133383834376564313962633663
32613835643964636232396164346433616530666536356139393962313535613730373631663864
38326536353166313237353035336230333066346232626637303034343737613734326536636436
37636338646637613934356133653631646530623364636466313437636562653239656336666634
65393730656536373464306466643537623238656135613835346561323464366462346438626339
63316666343937323561323436333935316566376166313866326339616662343832303766303534
34383836613863303865396566643133386561636138393334316461373536343839373632333361
36313538663936353730383366303034653433396661396463326134356137326132386461643938
33326138343637636330323463623664353839643132356130303561663339613832623435633731
33373931643337333230623962653634326137393666613834653036653333383932656163643337
32636366303064353061396363363030306434303561636638363764643665353839633236343264
32656331656633383862643035646138366636386566626631366132323734643766383066393031
34616336323136666436396266396461393937373030613235323465306539613561356633396362
35313166386339396266656161376530643430343638313764323032356361666564313938343230
37313833386435353462393434353831303764613938303936393933353532396434386439653861
39356531356234373938343335633234656462643034306666643063653966633937626233323332
61356635356630636537303939363833346334336434646632313633373134623538623830663366
61353735636438373539316130626339373664363436313662383230363733383430656363326263
64623235343731353866336131346434356233653632656662613339643465323163323938383930
35653439306234386437613763663739613637316162653365363333653765313163373166623431
37343330316137616363663161363331333430636366353135653833616662343730326230313166
63626534383165383530663431316238626663383739316661323263633030383236396432643934
61373235643537633963663837663535386631303437333735623338663264376631633363663566
66303038303361366534373133613131316435373635316464613037663333613937383464306339
66396665313063343034393733376464323837653831643563313630633835646361303834393066
30393766633134613239356535653934366239343333633336666362643439646433343339646464
35376439626139376631643661363033623064363465663930313733666663633665653537346136
37363066393339363338373739326664663434663034323532373336616465383537376361386535
62366237663932383434633636326266336664346633363037333865356436633763333531656461
64356136643461396161343536396631373365353463356530633566376362613865616631656533
37313137623638626564336238646263343037393436346134356337663864666464373138616433
61356532393131666165376334636630373063663033343531303031633332626631333233653262
66316235643430386463383639663263366464343331346264646263653261353039303731366536
30386263366632616333303162323230313333633338653631313535323330306533666263373339
34353063653366623633363462643166626432623266643438323265653461336564353365313864
33343132316138363065363138623365326666636431393963346363626131613834363535663730
30323334613666373162373534653563633963356564613036353765656461653635666262306263
37613539636335656136323732336336643637356161303964656634666331653738306630326638
65353237613961383366306532383766663662633163636365633263376130356432386264633062
37323233326337666366633165336638393733643130396562656337653630656134623133353434
30306664386237653762303535343666343439373763393665303632396439326164326664376663
33633332623862323165666437656562306335343061343436343165663736643130303637653037
66616165343237393338383533623938613237663331333032316332666162633139336633386531
63343237633465346666376337323839313861326466643461306163626531656238663765366631
32333634656562356138396464616138343134303430643333666131653935313761666433623231
64613038303539623861623863396364623236313866346465633463366433666438636334373334
65353730333532393038353037626337616339303439396561353139346338303631623835646138
61646631396664336337303533366463373232346533626665373536613536383363623839626533
64396232336238313265313433316632663433386430336439323066363666613739393064323734
31303137613638353963326533363061316632626231653030646231313764313039616564636361
61376531376434396135343939363233356562316461393964323937323133306661636338313833
39643331326463393362643838386563383063343337373365353764333032656135613233653265
33313736613831646531386238316561396130643838663763346533313635363765616261343362
38313864343164336331343434313661316433663234636234313839363064326531383461653065
64343233353261303235356637363862343964626136333634373363373239396231323064643063
65353233663662623534356665656430643635636130306239356164646630336431346139313032
35623130383966313639653837393638313432613733396532666635366662323131613333396638
66323963343466353737366430643935316239346331383864636634303162396166643735633339
34386337353430323136313739373866323633666130613032336334616536663962313334616136
39346331653462363335313136616666613232643738626537663561656261333464643835656466
63663637363937616361613331333164323035393838663666613938303964346331383730633039
64623239636462313364393038636466646366376631343433626466303133346664306263316464
62343436366636306237626661336239633965646637666137373636666666376164363861393963
35666465333136383238396137303961396531326565343961623234326632306131646130316563
30373861326131383038643366666137613836306230303830343036633330633430363739633861
63633063663563646337623062666363366139393533343334653339323131366237
