$ANSIBLE_VAULT;1.1;AES256
35366164306164356538326535393639366532343738306130623537633566306637376239373439
3764306135373333386461626538343533386435653066620a613164393030663761366239616337
38636337323764393364376536653733343935343531653866363537376337313539616265363138
6337386438323239340a386239356430373639653661633864646637386666653932383133383033
64396232646235626332633134323431663834396465373065333833383366616164346136376136
32623734356136663432393330353961643134346239626631666633653530333136393739356565
39323661353638346462373762383736343965633833613230343136333439653964343735323164
64633734346534363435363536613066323062653832333836663139313561316438303736393039
38616334376132316634623534333832616231663938303338663362373763636462313034633136
64393065653030316338376538623438396233346166346265363838613335643335636264333637
35643136326132323932613364376334616435323162363766646437316636323463663634313362
63613564653861633261646465313030346234626333363838356532323739616438363035366433
64396238366466363864626439343535656265656462356632663765663665653731363332643239
64346232626536336435303365323166336265343233633963366531623830663735383136623961
30663462376230623864316164316331643261376561366663393166653232336561623938363835
64376563303464333030656263353139336165306131383161333664333436646466353735656537
38393838313964653865626266366637316166303132633561343366363066386165633563323934
34623836333232326132353261363235663832356662613462343339346339383862323961613364
38653735333031363464326262633030633535643134383234343630356433323231663666373434
34333262656639626533623665653939336434333734653132646332383738616432363936663231
6534
