$ANSIBLE_VAULT;1.1;AES256
63646164353538303831623766633632376266643837333236376665313935633930623730323338
6565333864306132613630633362633464376236306531650a366666363662633635313333333534
65323731393830643862646435356636303836393432633031353637616437626331353535353564
3930343262326538300a643533343862636561306233363330373966366336333662613238366466
32323732323637393561663432303563633936356139336662646562393430666237653036633062
33366234313063316162366465633733366633363061343062313235356531346339653530393336
30376533393131653565356662633133653834313962343532396661306637303335306662633465
39303338316133626165623032333739656233373839306265653937313733656566303231356462
37653938313333643137666534653330313632643665386236316165323138653364396339323236
62616635376464636134666332643032646163303935663830636361306539623565366238646334
65643862363262396635386562343238306231333032663766316461616435636637333263633837
65636537306162653136376635663936313863623434333731363738363065653535373966643266
3261
