$ANSIBLE_VAULT;1.1;AES256
35306362356336373733393232623738383730343461613162376436356436393661663230623165
6139356533653766663762303530303730383365323137640a333336636263653261366664393337
33356634343264366139356433343962373038383761396561616661303334383831373130393432
3837363332383736350a646262363334336433323938303066346362303138306435323663353966
64656539383234663264616639306361623232383837646430393563333762633032636162316139
61373966363336366364623366653733386133373837363962336631643539623137656264373463
63306662346234613231613463316531376364373961353032666336393534393839366230616137
32383434383438616137623666383962323633356533363934633133323831623465626539653861
61353466653439353763633336633534303238636435653035623737366432343539636637343261
66626261626535373164373335653237666364303661643438303464663439656239653631623535
66386135646636323037306264633564313832643436613434653861623637326231613031623539
34626231633765663763333130633033626131343062633063656132643638303561323034653834
36636638383836376339383331613961326230393632326562356137323734393263323631646435
66636461636235306232386334306538353030346438623161343032656462333036363061313661
38393462373964623730626561613865666632373335666563373761643634336530643730363136
65363130636462656637393133663433393239663761396638336133353061303264653266303164
31353339646333366666646331393939633931396264623063616235333061643436626164396530
66386239646231623937656239333464613731613163646262366234386135656564323466336431
35313966633932323035643531646166366430613130396332306664303264333431626164366462
65656437303561623062363736396562383965623934656664653034333231356565656134386665
33393038386437636163616162386338646134656537363536656166616666386164346463363130
38313632363162633862656136316364393561613134363133626531303530383137613639396132
64383265623138353338663738366232336637336631306366313035646466336638643031643665
31303439333033616633323539313233613739646335323366303962393632656463363538653938
61653735373938303637643661613231356464336334663361343039393439393433333431663435
62373730656461636633333133656362313463666163653137333131656332346462306666666134
64613065653931353330393562633066373863383934323630633633326637643933383538653862
33663166353335316461356534643435613161643737373263653730336637353636353839636362
64663731303465383361653235336431343332363563313938313631326133656261376265303230
66666263653038393561313835653764393338316262373731636334376532623761643931363033
66323935396637613637353763376362656261393239316238626333366465313432343439623361
36383561363036303139376231303439333431643239656137633132646535396231386133643265
37316534396635396539313538393232613762663139326531336335343636333739626534356532
61643239343736343065306665303664366238323434383735623434653533363238623733326233
37626438393564366333643431373039343238646131333236343336303565313633363537616437
66363234383365333663386537626361616633656431623132646531653364303730613636653432
61356666323438613263336437313332336661643431636265373230396439383133383164386365
64353838313332393763313730306634616639653234393532353664653335316531353436633363
39363437633234323231663632393230353461326163636231666437373534316230663739633633
35316138366165646134653339313865343234636333313435613164343132303536653932336562
66346630363662613362393933653364633039643261633838393264646631313733363836636531
63616331633331333362656164346166373161353233356233613236326232613261666262626234
30663032623933646465393739323866363632646464303562666364363763343332623564303839
66323966353765383031356431326266613465346236613532616333653937323838376235343134
61613031383564333364336163663036616161316162663739343536363935326133643466316132
39346264666563626632616562343733623233613932393833353766323431363662346433636263
32623661643331326162366564333130396134326630306363383438633937386364346364386433
33623238626230313631333466303036626265313735313532333262393338383835303335353335
62646663623335393164383636396339396633343032643833343231636161393662663966366662
36646138643433636535636432613030643434626664346363386238313430373965383863613564
30303532653566366631656237383238346465633164666134303130663762316535333730366131
36346665626236623863636362653038633936393563643937333462376131333333396237633664
63363537666565616430616130626530303433316461363536626565383735303533383237373539
35383434613738356662323463353931653861396237356232636333373634393839363136313239
63366339373465313532383430353432666166623130343362326661346433653333363664343136
30613661643137396535366534613736303137333862386563333434353937303939323561356561
39303438633266663461623062303235656130373838303432373532333638323162653236313266
30616664373762656236313336616231646163373234643664643933303835313034633366633636
63613737346134636664653539663438383233643861623039333932333339396464633463656230
61613138323335373433633838613361656136333534626630316634666339333435623361643333
37336332356161373831623966616134396561373536353431333566306261343539666563393737
66666631666434623330323733383838346132383834333730373366663966333964326164663864
31356530386139616630636132616464333533623433366536333061343933333536313936356135
37393663316262323734623961616665306563623562613636356230653039383465383539333261
33316331316538343032313466623831353338613433646332666537386334363533303861393730
64356562323935393666636432313166663735373530343332313166343835336264313438393237
34303065313066363464616136353537356566353532313863343866323337363966663932313065
35343463396636376435323333633466303333393638613132643936343862383134666231333139
38366661626362653165376530343061636437313539373864336637343134626333613565336531
65623965653037396436306431356330306337333231613732353637653938666637366236653836
31383763323238323433623466306639313861663663333633653934353864616333633834343339
33633832343565343063623433396263323237313133616261326233343337623931316531666535
63623762633831626232353032383231656161343461323761613433353637393763626131323463
65326561613639646630343439633466383731656664666238326233393233356238613663376530
32396535363030653565306132343765623264633332313434656162393066326432633466633037
65393935326339363935333037653738303364373530636363383561646135383230333835643961
61343362346438323536663366626136303630343031386431346436393462343936396266663139
33636138363838383836396136643866653065336661303835633337663463396536616665643036
34353938343034343531386234383338303063373466613065396334383533636633643833663265
39376365326335663432383537346338633963623631346533656337663766316462396432393030
38323465303331633164313733323832363166313931346436376262323465386366633563393432
64653236326364346265623633333332643236313436336132383561323837383265613561623934
62343061316431623333353833663735326265323931383233646135383366356439356536376461
39353862363665636334383965386236636134336235336635386132306332386237396637633836
39643832333564666333303036383539393438633132613666323238393431633337336132623366
31303435326635313231326333346161383136373339663534363138666230666431396231653461
30313430373565373232633738386136393166646639373265653634333035633134393265343963
36616639376235386337346262633634306663333062336339303939336130623738643738326338
36326230363839633039323230326437666664323030633162323530306534323638633762643032
35313634333465383935343130363531323332316432383861316563323363633037666430343566
61343666366664323033393065313837366464346134303631343462386434303233666166336662
66333464383933616161396537363666313332373061616462653064393130613531376535303364
37333730386638396631643535353662326434353730623935613835353734376663653036633333
33373766303138666533633931666363383463646561303862313761333164363663386137623461
35376531633962636664396630656536623137626366383636393930636663623038336436393761
30643837313037316237303731383566323432366633306364323664353565663132663561666136
31303338353764633339613765333862326563396334666562363537373234333961323661633037
36366266636439346536303339376635633932333231356261336632383034613536663233376463
32303635386630636438356361653938363538376134643931323430323032363664306233316665
36383534643762373632643761313861356539343063636363313335303630383433653436376365
36303232623535313637653437316432316464373238623636323935646339623531383566346564
62626435353031303239323666646564376161336361613566306136333132623830313465613330
65653139663566333831316239333063306139643866306138336432333362383936643231393664
33626462353831396530326531313664366362616130313662623766636263373064343432383833
65393163393964643239303535373331313535343436613233656138363131326530626166393036
62353631663861303566326234333262393666303963663330663866393365613039393165333963
63343861373539393136333161663634633632653962343634646565343339323764363266393861
33316437383262623933633733636562333036353066626331626132316632343532626133313235
31316335306565323464653035353135333436373234636166653037336461393861636534643136
36363838386665383766346630393863633433353064393737616537383331383235613232643435
64653464356365316661346566316130666166353730353263396236313039323865373464613066
32333739333163386463303539353666616563333264653065376233316339326166363265636237
37336362653136323437316137616238646634313034663263636466616162646633366165666563
66643766316563356434623537623035306136386361363631363831306466663332363938343361
34623263616266633064393031373638376631623735306466653438393435333238643164383136
63663534616131353863663862383436623662326430616338646238313166303437356664633965
64343965323934343065376266363037376137313930663663303562616263613032356366373733
33303563646230393631653230313030626137343162313835333461303538633438383030366532
33643430636464613766336535386338376536373034663933353766306532353466653862386365
33363435646166623065623632656637616230666135316365643638343132623034336530643761
66636663363361316561353264633635303565373834313136656262303830303539663230633862
61653165626535326533316362313033326564363861356231666562383461613736633138616463
66666439323437376661333833393534666666623238336238393861333834373531313931306661
64633461653037646564653537386134376538313663666436623635393535393238613665306432
64666331356366306262346436616438376161656335653632366362653237383733653930343434
36343838646264316265336335666235653733653265336139666564363065336233313062383635
64633063363864323536313730643733656561353162656261316431663564326532343062393333
65626139313638306233633239646666346633656632653736663238393565353366356635323937
31643266616161373436653438393561386439643664376264366164623765333634633362393939
63356235623137663338356566633664306535346663336238386666326362306434633136633331
62303663333530633436326137623539383734616365396564373066643135666136373366623033
30366464663466653735663134666262363563393664366662636363636161393365316430383736
35633330613066356234646631343231666363653361333738653830336236366432353561363736
33653133383530633363323631353035363262376339326566336461663832326333323436626561
64323432646132383063366266343638303932353239343330393035363130363231633863373431
32613932633436393232316239663364653134643562383433613736393733646230363132393335
39616139356135653633353865346231393361326361353431653934626634656333333033393439
61663365303732393533356665616266633835663334383135643561343461346139613734333330
63613339346232643332666530343139313439373135353334623862303339383337363661613865
30303231663961613261353831343139623138646432303037343335366161666137363662393564
31353161633638313538616364363638373765303262363165653332363564633331323636343236
65656438313664656339346161396335313839376335623138383139393939613830616564326139
65363963663165326363393930333539653030646333656131346136346136323133643864346439
35363832376333323135643232616533663430373365616139353161623437323664333864633165
35393564626433336662623730346231323939393962633965323436626164396639656334383666
66633639656363653437656435646534376432333863633664393639363738383236356535633964
36663930653237383538646634623237336131343465336464363336303236353330663265393639
32623036336435373532633736303736383331316235303130326132323863623262633162656561
34613331396230313166323335646633636630616537303534326637313465326133663230616231
31653364323832393563653638623439653761386466623933373163316263663931666334653139
39383936346538303761393064333364386165626635303835356562633533623334386130306630
37643739616536343062393336323734386338353539643962623930633532323561383466303164
37326438643433313139653864663635663330313537316462363664373864626432396566336334
64363733633463336466366461346439316334663630343331396366623534643935323262626137
65643936303033636233386438336562613830376636633766323437373739323363323430326164
63333037333639303366653435623463356536323134393937656161353433323264316438366430
63633366633035656335613163623364316166313730366439623435346230313163346362356466
34383633366630666530646262313837353165373931653130386231373564646631303930343339
65663434653939626365396436356332626463346262636136383761343431653463376236333163
34313066333339376536343432663339383066373732653732313539646262363935636430646537
31636565353163623830343133346132356366376562373636373538633839383033386634393733
39626264343731633232393362616462376430366132393031323737313331323462303233313162
66356463623065393536386464616265633539363839303339383161653261386432613239323534
66313538626363336364636238626563643030386437303963306532663161343464386336343733
61393733363562306335336632306466306130306235326334303964363531633731346538653233
31383663383239663834353763346530396661393863613066323137623861346335376530326634
61663836383130346463613835623631313438626432663935366462653234303338343434333233
62323833373066303138613432306633666436366230303631303530363736373937313261326465
33646365323238323439663535626266316465373730313232633132396233343938653365306431
65643239333535323339313062663863343239666530353337303265653162386134633062336165
61613838363737356631636437393266663062666138376330343361633438356461376533663632
33303031333266336263623332333162616333343534303231393139333063643762323433346533
30666634306637376663616561613636633931303938636436663830656532313763383232326261
35303861343161366536363133346334643231313232336265616162636437623162616263396131
65363735366530326561346439613736636662386635353936303662333361626563623661323138
64636461343936386230656164356661386462396435316537633939386264653866306365393264
31326234623332363663616437363435333261323965333734623239393662623532623062356565
64643066363037336333346435663332353264663866306636346537666637333037313964333031
33396264396165633634613561376433383131376533373233373030366335613032313234313062
30323066633264336264313266626166663562623635333564376439333335663235353938643838
31323032616630393630373365373139363835316262633834316438356236656262313666316462
35343937373361313462623739313330303731626231666135656466353831346330653263616232
32356532386337343361363264383165333739363230356362393565663331313136643034613539
35373638336138376261363664373263353466323665636439623832326431353333396563373764
66333032313836303164373235366664333361366662666436383566306234653563306637386135
65373237323430326130663063366336333761383366343435383439353135336139323634643538
65306563313166623333613439303939373965313135306661303863653139383334386539313034
32316233666464626664653763373138323866663364323961316565646261613137373362633762
37366330313637396533626663323137613734656566643638613530636165613664306330356135
64613733623739363637393533643930646464643630383531393763393231373139396261333435
37373964313861646166386232313230386237313734633961313634383563653564333665363633
62356266386666316166393437636562663737663765376331306266303832373934393638633033
34633263626431633230623932373833363562626335393537373761343063393661306161343266
65326133303933663532636532356363326537363932656463353230653164643836303334623432
30393864393664666261353636363133613265326130383762316135393331343763303730313564
31646636313363313235313530346262656261643332313064303861623765386466666434373431
34316330326464623338383736343663303335366664663266656434333437336163383733356566
62343965353930383535373234313536363635656530643534336630386364376430386234343030
33656664326237666139346330376165366132313332303236343563346630663931643332376661
31656332396536636534353736356364396166346134316561313363396135663230383435363163
66363838303464636462643335323734373066333132393738633031386534376265323666326630
64646435633234613637316434653063373237663964643361313536626639633936373931663066
32346136306463616361323734313631623065376164613961633434363861323832623036326164
35333231333536643331316461626566303337643665396237303235616438613035353931633630
61663661303339393139666134626431303735396237363363393365323631306664643337396638
61616261663135623231363637306335346166366231356164666236386539306538373533343065
30636633336434306531323533633935363339316532343563646437383661303665666266343039
36333163626136626131376238313831363238386132323663656463343434376634643436663939
62336434336635653936393831333938653438336663633066393836316331633134356361373133
66386562356232663731663031303664313732353161346435366335373266333033386162633730
61393236343263636339383261643662316266326631323234643163323363376532616635353339
63633966643431393761396230323937393565396564323537383235333238363663313438373430
63323934623363386336333966386564366465633438623638313531626637376263363836363063
32646231646632616536376234393934663234306334646361376234343539313336353532393832
39313338626536323033656235663631313835353866326233316137666365306535306266383764
33326464613065393932643932303532646130306165363738656465383935616466356230373065
61316336356131643239643235316339393161316638313831643964316638383230623532386563
62346634383338633432353837666139346130373663643963393765326633313866343032653733
61386630373136303661373231323366643439386161366333633236333461366465613235333566
32303361643832323435353563396664616462313264373239383362326632623636346635613237
36323364643064623263656261386430366233613937656134626366343131323766376664376633
31323861656465383663303237383535643339633631613032653465663033313533366238323736
61386532393566313539616262363061393434643034326333613939323436343930643862623666
64326238376464353134303630303762333963373332383331616236653464303464643932366561
36323236376464626463396462393961333665343432393661623837636430383866383764333434
66316630303664333833616566353438623634356235346336313936353532363766643165643363
36626339383061656665613361633562653136636137633034643539616232326434623162653966
63303932343363666265323837623266356434616132373361336131636430623734383934643764
35646664653865326535663033626662636364613264653930343663346663346337323336343338
36353634346138333233623561353065626134376532373331333735653634613566366235313166
33356264613436646235626438343732393962643462316362636165633162306436333964323034
34353839616666653036663061323039626666666330353364643936303163653930306138316334
62313263393936623364383464313735306565346363336337623737383436336338363636643063
65336638613237336163623836393638653030316236636336326663303530343533656434663434
66313635643833323830653239643432656662366235333634646637623232613937613363376364
32356533353564616632643139646234643538393965616333353361656362646330346434306333
65393332646238396564366238363731663931643136303537383165643662336366633533326532
62306635613931363634613738646238383939373061363539323531396434353161386632643737
30323738323964613932373532656363386137306663633838313061626435633035363865666562
38623066323665646533333031663730343431306164373365353237643439353865316561653431
36623534306335626635336333353333663539663164396639663165643135623238393632393765
36623736303833373037316462626135616439643065393136346337646432626466386337363735
31393238643336383132663064303865306130343130623335613662386232366230323364373262
37326636343034633137313831343965623166366465383130303564306261303535313931656639
62333766336362313230623833356137346633626335633432376665303436613262646462313738
39313761623163626331373137616232616530383662363530383266333038393364343666336135
33663264616630316663306338386239353033663638326366323337633338313965356534383039
33333164303639383434353166336432393532643136626631633536333733626334333135393366
66646666373030333638383362363132376565643065626236363666666231303037373961373561
39633037623732323364393135336365653036336136666363386438366332626333623537383661
32356363343432623465613533623037353431333935313464383565626530383637333765623765
30323161613237383637346664323163336533626136643561323237633339353266373437306535
39343834306433633566616565393737313334666631353838333132323338666231363135353638
64376436626134656331316134623432646430393236663665356565323761663835643738343138
35626136653065326131353031613230653461636437303464666139313031336532333064396361
36643630643465666235376532383739343062626432313330616661366230336463386338653939
38666465613430653433383834613139633132373730613030306335663362323539623835393232
39353462643835666666313262656166393738636465353834316366616632326135373165366432
63633765333765303464666634326362323735343030366631336365636232393864613936613963
61393664613837333765373931616262373466373766613163653730616264336361663966326136
38643831623138316166303464313432636139663065613030356436356162313766626466666665
34656564333038643834373065343038613362373062383234613337643962316332383132336466
66313235396364323337643263643264386436313362366434356231633962666633653264343536
31383564633436373266353332386461663736356265623762383765333633616564373731653338
62663339333665343463386432393230353564333833366363326462663066613564356562666437
62353935346337616130623261303833363434616236393831643466346238393635316364396435
65616433636566363964663066386239663132303639653736613766323730323864343034633132
38353332363164653437306165663737393437373035363439366364323636393733613838303965
61343065383363353563636265313030623238623435393932306339663937303063303762303661
35633964656637626531306235383961333831333066343136363662663365336165613036356231
30333139326235663730663238626136393435386238623438336132316566356664323865653336
66663561376361343635393433623934656666333736336139333662643337663765303936643036
33323835616164343833666437336165383632346436323535333431373563376132326266326361
64363562333833623035373934383264613830366136616562313163623866373765343531623830
39346635643631333066323136303036353566383130623237366239343465643236313663353638
35363033316534366230616630346332376364333636346331663738636331373165333332636133
64366230663237343331393263663266356162343532336437333136666133666139663531373162
31663133643836653738376361366136653965326236356239343932383661353834623739396336
63363835393338323738373932386238663431343934333032353466353934653138636664383238
36333130643464656363636535626439663432666133616261396462366333363738363431313965
31313165653634363965326637626339633339336636666138643432633462393965643261363539
32356333623566396130393639333636613666326338643130303766333662316334386337633736
66376331656535306339333234626139326137643832623364306164343632623833386263333233
30346563323662306661666334316536396630636166356662393463333431393232663738653763
62633563306238376562616362633830306630313130376231643831313634373133333936343535
38633830343439383133313430383839363931396337363866316564376136656639346164323065
63663635323538323062343166346134353934303936613539656635373066353163333138633664
62363532376432323165396565626439613537373535326434643839343830313765343762613639
35383637636537663132633631366335346462376263613363316232666664616237363534643361
38373162643961656661343165333033396232663936346538643535323830376535366662343730
38633639353133633466313362323833383037306332623531333938613830336234653239346235
62333436613566663830323065636335626435666164316565616331393763346531623165376262
34616337626561303031613865373163656163626434386165326366633533393064353665323039
38653431383332366466313534393732636638383364396334656264373265643734303439313239
64353861353833613462353066333865303366643630643239333039623035386635323535323937
39383832356262633939363936613134316535643136633139343533663366653536633464643430
38643439353839303636623235643863646564643430303366386264336431666563623265663439
30366363343331333933333665626632306233643066633663626238313664363238326230643535
65393538666364333964623233383530326362306430653336303666356662363961363539333765
34643234323538393531366339333662383632643732313363323132313338373437333261386339
63656637303530376234643866333135363031353731323631353931333361313531343434386536
37333534316165623265383039656265343161333531393632356335303638653530356162376333
31343564396139623836396637373835663238313837363235386234323635323234343362656461
31353962633662343733336538316630376462303135336531366164626534383431633337633862
35306231353661616137343064643563393665316231323737626162336262356662323461626130
66633062346135623932646332666561383566366437366331313334363438373562383232663165
62666134653634613664376639353830376164636339313233643561346166386136656131646566
63393664653635343463356639373638363339663965303639316234663565383231306633336530
35363564613361396161356238303564313436393561396533333164313833363635346334373735
30393430383930666136323339316536643035626264633136633531623438373033313130383662
65346666346134643431313762623962643063326430336536613133386666643161383335653635
35656233343339663436663032376265376263363063313031643763303530303635366665323161
32626164373837616338353034306465346536653930353438643235623035333335333963636637
32363262376436303338623161333733326166386438653064396134326439326236313566666432
30653531363262343234323939313665613633366463343539653361313239326231373033376632
66646533383936646665356462653330373565373838366266383635303263353333353266303433
30303734343239366663383838643130383832313166393263383432336566336233383032303836
36373338383661653365353232623565336330653938643231346437313034663664313839646135
62343732663432633365326132353131376563376430363233383836643232383934396561366365
62376563613835653763633234303161383239396638643137353739666136333430323061393330
34323233366233626332396130376264383062316636353037313634383439663666343131626266
30623337633439323430363461663763396535376632666366386130363337613366323331663637
32383636323633643835663663656131383439613437333337653035303130626235626534383636
66353731346366333237666634383538333562636431663663653064663133663964346539666331
31333633663436393331633134613566373538393934353165653235396632313736336266656235
36623030376436333961376137363332613461393731633464623931326633313234633433336537
63643162376530626530623435653631336335343363643334383536373464656364613961333931
39353861373465323539623333376666656433326339363833616666396136363934646261366366
38303730323832316231626265313263316631336234363062656464656361656530373438663566
66346430643530306462373964323464343336646164636162306263343635353033376562656261
31373066396338313636636337636337306338376337386165653865356365663065633264386164
30363361373635376633656332613136386238323032306266333734623966643462616161613361
38623335303436623863363236646233383764396233353837316165393162613862623237626137
61616566346665626362376437386631353361653963663732306235333939326534363835383034
36616135393135643636643632623931353164656333383263383461313134386262303332626534
33356264353061316431326634363737363233366432356439373632333337303365633631666361
39316434613634356665383834346639643761613030613633633232623765323866623961626632
63373032356330656636623437373432303037633461316535613264306165613765323836623639
65626663643232626331643366343533653364333961363438303766613538353036346165633133
38636231346562346664366632613533363535383130616264636464363262373361666464336365
65373636353064366239356235356533396631633362366432663737633364336234313136386236
34323531646165623535336439633261343533643737376332363330653264383132306639326133
32316537623434306132396134373638653361383065663264326534653536303534656232616530
34663735663131313631666265383864643365353364336239663639323066656631366633373262
32333131626634373861346161313431353239643662393333666661613736376530373632343431
62326163333838626439386362363337343435333838303464653064626539366132363765303064
37636538393838653230643562343038626636633433393931376339373931376339653761656566
65373133323664636532313363623835663066653834653962376262353337666664656266616531
38383337333230303031626266386636396164636132643839623433323133613934333461363932
62346661313562313765313966356131356436343833616466353561313830313330383966353136
63656134313565643531383837643963333366313233313662613133393563326435343730666637
64376331346231663737643034353338326436376638663130313939323861663133346239636562
32336437626534376336376632633263303564396638373363626262333738636364
