$ANSIBLE_VAULT;1.1;AES256
30636465333832323039333931653662353863366261316661316163636631383535313366323536
3137646132366662363130643366643937333138666539320a663335313461653962383661613138
37653231613034653233326437626363393733656236303230343031363432316365346465663632
3031313061326330620a633861323933653136313465613234346633326233323438336635306133
35363336323037646332653662626162303738373833323064373265373335353836316130643532
61646538316661363565393864366532306230653334663431653064633436613862346335373365
61396237653965336136303233326439346538383331393333313934613336333536336161653661
61646138386637323966316566396461626662383864353961373832393163353134333838306639
37393263363335613766396632646239336334336130303133356364636235656161333537336332
31313333346263346166653633356134616463666437363634313665636265333134656434323432
32323466303138326139386239356164303735346339643466646461653535663036623561646531
61666530383636326463666637333833346336313563306138336534303666343936376633656239
64396639396462376562396464333037376363376439336464306235633861326163653031323139
32393630306635636662653164336139663939353135383230313533613134633830306163346533
64353939333638666461653438353438623439616332383566376334626562636662353737386637
39646262363863666333386135313934363435356634633535323332663030346230616164393262
64633039653665616634326663326631363830393638656331633435396366613231363761333934
33303937616462326462333963663763393366353761643032356663376664643563396535303932
37326161666561363334613138323932313762626539346263613337363362613761313566646162
61613236376266316139313763316336323138306361323164613431353133366665323863616638
63323238616534656461663135346339396464333462386538386535326163326430346638396265
38623534323634386565663062383961623261306333613031343332366536656464616233316566
66333334376338393233346235643235316637653530323934343132636161323366396564396239
31383732313066336530613663383361316238366334313132626464663133356532316637633166
34396561663163316333363032643561643435373933383635653762326162653035393936323632
34326466336135336165313564323432306239313539316561373865616262643032626333323831
65656133346535393066346265333832323664373137363261666362636161336337643662336464
36623539393161613631313230303062363264623634303939356637323535343336373132396662
31653139336239656464316534613166306636373938326534623938636135616439663163633865
38663235306636326262623038663531396436393738643734356239333934613565613837666336
38343464353537636433353736653336663936353830653265633038353836383132346266383736
36373435306330356663393135616436326464366330356466633336383139346338633533376338
61333138616638303032653166393762346539376239323532626535373137363036376461643333
38386666383565306433613139383462373563333633303061643565613531393339663436623138
65323835336265333966666362336533616639323131336163346234623038363837613263393339
65303230303039363834366365343530363565396534623662666534373563313066623035626331
32323732386339623665656138323735633435643836343731663132613962363464633631616434
65613166323330613830393163383337343730303837633263633832326261333131643131373665
33636538356635363235336332376439363738336534343865616539383462653138396237363835
31323364633436313036653333343930383063313134323839303765666533396136353739336536
32313930316430393261323165316232323962333738663264303036303031346531643365333432
65643565643236663366333537303830633664643337336464393463633933663730343731306437
35636166663162346533323936653632363064376634313635366564633036653461306633643731
35623039396663383762323434633039363766653831316130383138646339633932636664316666
35656136366531363032653864623931383733303133663362306361616432373735656234663165
6334343832303037623361663634653062393863393963313633
