$ANSIBLE_VAULT;1.1;AES256
36386437373136393636343361353035653961303538353231393934353630643566396263373934
3130326238303030373530626538313737336362313331650a386536393734316639393036376131
62333032663263386162346136393936356263323930336664343264646430653362306365613865
6533333134363238650a633333653166636530623036653436323564316364373665356662383065
31653838363366323765373032303339613332333065656535313434663131333032346464646331
38633330373934626530663066323532366666353762373939323263313663346436333332613561
38333036333866376462333738396230663339346536303831313566626530623730303466343562
33366661356530373238376230353138613135633230633931616465666430386638613638303062
61613364306363646233613132386533343730376663626436663430353036623730326361656464
65333732303063343163303737663330313164373161343039393161613833373434336430393237
65653766646438376161666364323932633731313265613063643463643165656536653764383637
66376332623331363935616566393063356462663638613264396333313065363034663463396136
64343439323262653730656334323038633535643963373839336565366433666562643230386135
35613764333263396135656337346466363130326565616464316536313765663430633833613630
31336139373063623630306430366162336134383137643566643734336436303934653232616461
34333864346162633835323362343933353638636333373334353866633533323334616531326339
39386339663336363139616461376261653764396661393036373237373766613364316237383635
36316264646633333961346535383031343536636235323632646135386161313165383434323132
38626362343466643531316335326334306337656563326364343331633131393264633730616431
36646534613937653733313439623039316338643136363832353930356439316537373332363961
62306532613833313134346432373338633537383634343530616638376566653261613638353466
39613238633233373139383831336130316438366664383562633461623662666339613634373231
35366662656135393531646237646561306261653866353863666430623439616331353631363435
34396438376464383661343635383166656235653162346434626663663737636665626462393037
61313966386233323466666332356136323364653765306664396539363266343335636436303463
62346463313861323864633664323863323833383037633138353662346564336464626136336264
66323331393033303930336562323537306365346163343930326632363464313638633462663331
65653838656131643735623735373733636666656637633039303164396465326362623334623936
38383839643465393732636164333838393130393661636364646636663463323631663136363736
36313331613839363064633332663532346161666364356166313561633533373532626165623335
31333832336162326462306337326234313363336130323739653062306664626438346539326635
62656534366266306163366664636464316135356161313761646239663034653032633065326337
36623737303035303636633432363133376233636666366537353966386662313164663464383364
34326233316461643139396465396337353635373035353563626339303062363033336164376464
63356631616661646637313835666363643838613731653334373536333938333465616463626435
64636466656637333338646235613334363330376363323938333962353864636438346463393434
31653236326439363465663732623861376434386366643830663934306237343630666530353632
32613739393164663563383866353061316433363265393437356131373262613736663239653731
64303161393437663732333733623732636435366133316630343536663431353538313535343031
32316332393432666638376335646634633865643434613766383937343038353661613333336137
34383864373237323030333965396666353039363934386632613935316131333636356232363335
39626664626238363866363036663237366564316561386230653464356538383664643739613466
31663735386365623463663538616631626633343333663836343933336364623361613261643964
39393064383263323939613764313936376332333666323835303034313063386335653832363332
66303736346634396561313665393130353937653838633161646535656663316339393234316164
34373862643235383366393830303238336631613931363164333436353631393832313932343261
61343066613936643465616636326339633632626330363533633830623732613034393562366366
66653930663031396533626530353864363634646361323664653635306636356239363932323938
30666636363566613434346664323432343762666239326333346463623665643334636663306435
64373632613531626134313463646637376533353832616266343537333938336161346663303830
37326334363666613434616431333062326565666330633663366432353436396434663930383139
34653732336136336538323133326139393031366563366538346534633332636566653931393537
32346237373065356466373436353962363761663838653535383138393630306162303131623838
64393730306164623066373766623635353363363432366162383434626133306130393737626638
35653638666663633838393965653061353533643734626231386465646462366136316466363033
38623033363636393130643865633639633463623030343635623631623464306532323265326231
31616630616631663932333936613033336433366132306339393462663431366338306234323736
32396163306133393363623137303938643462323261623735333263343461356637386130393266
33623034383237653133633933373734666131353633336263656563653762306235623536353362
39653464653233326430353836393331326232653132643262393533616635373631616233303632
36316335376436366265353362303834363263613865643230393532306139373662313865376462
66343962393139396465343462313165663461393831623932393832313566316339623332333738
62613331316161336638366264663137646163666564393236396362346233373664613735343331
64356362646362626264613236393934393231636666306332336534383663666637666239646361
64643437613063343930396533626238303332623365313638653530326139396438303134303266
30633835313939656139323333646434366466373535643832663633623561373066343861346535
63646331346261643732346532363037653861323537373231356361333837313739646163333939
33656536613636353037663962336263633965313736333237333431646232323262333839343565
65323566393661353135653137373236643536383532303431636430323563313666323332316166
37306238616364633466646463613639323462376436383639323537316565393466653761306434
66343935373766613836303466666335313765373438616533653930643364626332323137313634
34383234363936306633316661343861623739616163383764386434303333386264306262376535
65306231326431393634636465323637323139633461323461303038636139303536353561383765
61656335323931313636613435396630326366633761666332333064623563613130333361343033
37376234633861343235333165393138373464613962623431393161653863356335613431363436
36376165663936653365666434313033376562326266653037323132646463373639363066643731
66636139336162393063306461623462343931636234623761666337333337306464663630326237
63346666613463393733363133323237333631613135346630623538353733306661363334353631
35313436643230323866303165363661376632363239656564633565303461333535343138616161
37633330633731363739383266363935666432353438376564623662343530363233363962373835
64336464323831643766636665396233323863313933623431633633373032653231326266396436
37643530643365643864633935616335626137323632326232396434383131653934386235616131
30313536616464373839343935613339376665333633636334373533396532383734353931316139
30373739366338373138653265333837653136616439363764386133373938626535366162343938
39336566613361313763623836346366396435643263396162613464636634653331353031363562
63363532643233313532633762653834666432643434333461316665303763376663613938366535
61346563623762376136343965663433386163303735366330653435636638326665366565343432
62663032316635623133666638643538343764656261663135363139653766383962613561373464
62643139333463383339333838313462366633646431613636653863623565633762306434306337
38373735373539346230636234386463616536613532396630353131323331633930376637346338
64326462663737303762353830373461306434396130633031663262616361636361373333323661
62666238326635346235653364346337386436336635646534326633313637313030643563396662
34303862623131633366626334306532386636383264656166396436306330633236626431633337
38616630306365316136633461303930623265623165343161363835333731386265323063623736
66396132323339383463303035366636343161326564656536323866653366616165303464643333
30383863343438663035623166373330313066346366366435323734613134376665393934633361
32663639636238623836303537613335393963643134613761366336396135366262623539303033
38373731373965343537373939303938316665353234383536396264386239326161326137393537
32383833376338363962636136303738643837623437306635633638326239356263333538653739
33313531636139326361633034313036633562393837393562326265313535646637663664623531
34393533613862313365633564316531363333646430386665613864303065393333333364303332
37346235346434613639396637356435643536363239636430626266313334323731396364303563
63313837313034323663316532396133313166623531613863653335666637393632336533633563
35376436343134666138373238613963316434363633363230356164383134623366386333383336
36303238343334366463306563323332323339363030333937353630363830353237326530623738
37666137643838386265356536333937653934376337356365666531386532306566323436626363
33633639333264396539306563386138643661316634376335363065636532633362373732303365
36613164643363323264623565643633346363323536343638313732333439343861343335306536
34653831383132393034613637666561303762376235383666373737313432633663326561313636
37393737653930313230616337353737316665353835626436363566623063303238306232653238
34393639623232306438656533653434323763653631373731373932353063366532626134386563
38313333326565343663626338666239306264333965616234616664363163303262316661373862
31616533616432303733333937316132663637313638343531623734383464306231316566353766
35366230623238316161303561623338343238643832333032373061656139346535363138373264
62626166313934383033646363646535653137613236303036663535646232373835633632633838
38636265323634633132636465326465363761666331363064376164353633313834383363666130
38363163653963303232623563306664396132623333383137373836336339663165303461333065
35323161303133353963323530356634356166303762336332393138373634613065373362616462
31616236383832313963303836386238356139633436643431306231393831353631326366643466
38633236633562616233323532353862363462313430303631383734346631366432323664343437
32396432643030316637333038353335313761343134363137353133363264653831343836376439
64323739386637373336663033376166623562356336306530663966303836626338333235326331
62306463393739373234616330346137303833636664613131386535323661623065666564653561
30396533376661303037653336316363623164343661316262373534396234346666363364623936
61376232346432373564353331616339316638646535326139356139356431663962393330313266
39323035333961643634303437353339653038343162633031376231643338393561633238343362
36373837663037363666383337383638353963303531363035363263653564323262626536623766
62323961393764643136393565353633343963356461353664623533346366383165613935643531
39653637383935353265363265616430613364316262643361613266356163383866633935613339
65323066383761373738383036343531663935336334346236336331326265626330313163633661
64663339396166363535356233633832616436656662323930656362323835353438353261336235
63323830366135313261643132363937363038643164323336316664316462646237356265653266
31316234366339363131313532383933633334353066336363636439666236336536663864653961
38346232313237616331653937333733646265363363626633313731396534653236356431663939
35323134383465616434386332323837313939303838396333303732383566653838323561326537
63316261666561616435323364613332666639613133636337393133636634343538356165643035
34343837323933366332636464633237623533306132313839333165623431386238386561306432
64383936643561366234623535373932353831356538313764353036343531366566616632656234
62663263373662376431613632646533646634353633383835326439353535326136356638653164
65626666376664633535396334313134623866336566393363643134626233316632363762663666
66373632303762643238363431383030343330666131306238623330616230373239636264636663
64643462356135633465333232303265303437623139393934316566613562393335643965373765
65353832373664376339613530346235646665363335633961653163636434653964366130373330
36643863323336383563366134346430666230303330626338303339623533393836336666383735
35373962396531383665653031336231643633373865613466393736373665356139303934666562
34626536663937626332653532356362313333643430636235333034333863666563376461633738
35366130363939316532643534656332313163306437613035626233366363353362613933396332
37626566323064373930393833316536343963383661646230303963316433393437396536313233
32306563343562666436653634663531613139376430363734386134643230353739326266643036
33353636643831366161353934366664626564613561373962353535383034653235373536343765
33616636653263663866313738623035373565316338323233616139346132366238323738373430
65373530323365616432656362323131373831633232633536306265613063323239313937386131
61653537303561326233636561623965613337323866376166343935613034333462383537623336
63306630643334303163353864346434613031356161353266653964623137666363656639633864
66363537373237376264336464366134326630633536363761306265376265323264353033343163
61376138643639613063613032303736623862653332316463353766306335643261393831383131
32646330313665343630373466323739333664343738393730616132343964663033656534306637
33636435383333626330333863666438633362336539626364656534663838343133316233313032
63326362356236323662333632643931376336396131353064396238653431333733666531623131
38316562316263623665653235383138663462666465333733326137316362383966323836316433
62336361633462386266643831626239386366323539613562353965343338313362303230376639
61633930323539323835313761356431386635383037353963643265626431326438643162616238
62373539643634346536333165383930313362633965343430636436303234643164666261326137
64663363393335666635313132356638363966663733313534323039353665356239656633626438
64613536643133383662353562653237636138633735363366343232373934383462393166353337
64373335376534633732643730376363663966333830623833346464333135663561353564393436
30363964616332643135303364383233623864333733316437363136353230313662396133323666
39386634653631653363666334626131343038323431383538343437363537653832643932666537
61643163613961626539653866653235633266376536653537326165653765626130373038313238
30613032373865633261343937303164636135613465376361626231336438306636363733393665
30356239616339313964333866326466363737633030373262636432656430613534626431323563
34383133646662656537643161626532643139343834346335313533303163636632393262646636
38616664393562613438616233626261373261313061663665323437363364313039336163653861
62346330633932653233626535366566376132613334646537643535383066303737386163393663
31383962643063393164313234613132373536346530613833613862326532363134613135616230
34393535363837336433316461313230303539393932323133643863653534353136633534633164
36353863326637366635313736653131383931653438646336306165666430363037376135333061
34396430363133656264336136383561396562333666303865363764323136313639353631326665
39316138356636353661326138356662366138376433633535326462333337393634646435666433
38656135343866616337636631323864383062313333626662633165326161343930613162613230
64313738353436343931616162306535303131346237636164343532386632636335336139393630
66373464643430383539393132316333616632346138333263663632333064376532396537653935
39313434643336346262373535356531636664643034326534306233386362393862366233313736
31346131303836643361303736613230633261373139396266383162396634656233353334636633
30653439663132313030613334366437356637353531653761623338393234333033346237636134
37393065333466303634383737666632363338373239393962376233666431336363653332323062
64373865353663316665356233323237353735386163323639656236333033323331396265366634
31666262653964313261623231353662373838393961653132353862386537346162393538356334
66613738343830616364363136346161303362633935316662333537663364353663396436366337
32346631313065323434323836383365363130363462383334366563623239656333343265373137
32323839333839326432613262396464393238666164343838373135303566373765623366383063
37366663396564633334363861396134373162303932666439353637343739636163376263626365
30353165613136393163396636613462346332653365313763616266663566656163626338353635
65333933653938323433343337313864373731653761633531626432646364386136393638663137
33333763396535653731623064653339383730666633303535663637653935303166313463343362
35356135623231333135323131623537393863663339613032373735666638626566383138633664
66393062323264383365643665353534346237376266623736643630653433393062316331363562
62376661663935616532626237666166623339616633616462653064643230323838643565666163
36393931363633306335663463303761376433646635623637326238633564633032373732353835
36313262333935316334333465373037653063373336313832343564663862363631663963656134
32616235653230653332376462356537653563373137366334313631333339383934373439633361
36363563386134393635343939656238366261663837646136306234633437333364636433636139
32613636393364623533653633626362626236646639316330313839663365666131386139356637
32316635346238323135656561386461626231303862333166376365336636323566333166313032
30306565623130373432633337323330306166396138643933326330616365313732656631396639
64633866303534373434646232643536616639613230386263616435666139633437313030303834
33306264343639363861346433653131313737343662623964386434336331306562623234396562
64363763373865326238323537343834666561343330393362366665313166313230303339663434
38323330393461306330393461343730356166356333643132613732373534303936383135356436
64386531663766643064626463356633626136326166646633636632376362376639663834666139
35303664653164663562316231313134336238326639643461663261643361356237396234613861
34626133373137643739643730663538633538366335666563636133356165656139313135373962
35623535346638383962336663393035386233343133353631643333373530393137356231336536
63343463646634306135343030343764316431333363633066343937366338316439613963373462
35333737333066616164623132336262663066326366363533393535306438383630643133366561
65353435373465376361393433326335633437343234303966613436316532383231316666656535
62623765623461613163656139663632373332356233633330656336356334373834323962396562
62363864373335313261306232396163376662366464656139313236363035653066356437383034
66363831666361333232376462383835656362663837666634343631653632343233386232373865
36353330383935326435306634353036303466356361386531343636663635653439643466393034
32623730663565333435323263383030653339376432313235373639346263326233316464663536
63343138393032656462656339653765623738393433613934346130366562663139663232653565
62646161356134393532653061646461303936336637383735356165346266366535343238343661
66346436396361306430366264383836336530323033363839356632353439633362346563663539
38313061303831333264386639323832643836646661326135613731386439613932353334316565
31646362366539373365633638376138626462323066393061643561393031366437636165626637
64333037643366313133343938346139633962383232363136353730643738613564316336396166
35656538633066313138323261646136646336613234373530306639323632333264396234383661
30616633373066316263643139643432663339393635626538306463616233626161356236376635
30636264353039306537373434653961666333346630633436333533393262383065383734313734
63333432383037333165343462386561623066323339333663646632303332373431366531363765
33616662663865663963636437326231356266613166333865306635383663333239303062313462
32626135633632626631373963306235333435373662386632353361633364643733346434313965
64383365653335326537323737663035313936306336656361613436323865313138353862613331
35636338623466353335316664363965333266386561303661383530313931363965616130623534
38383364646264343339633262646334383435336266653566633235333862333634396434653766
37333561336230303036613833356439643139313161366364336230386631623061653862316432
63643238383734346331306436326230663961343534313930643866393461373639343435323030
63343234396630653933633531643737613436643666376366313938383538623937613761663536
63383739343530303533626364333762653362646463356461343830623234363861316230323433
63326465326532393331616565393361633334653764326162303337363130313839313063373465
63613232333066376661303530306466306266316139363837333166353939383964323635333139
36353232336534353731306365623066623630333762663138373561626166656334303766336337
39313661386432303133663932316337633063363437396637376435343463616531633039326362
34653230663330633662303965383166613261656638656465336535653763363563343239383339
64303831313663626534656263323163346134373233376638343134636662396664376262626465
62373437363132653738346466316264363936316664376465363534633064303764613066636634
33663732313662626130623264303532626438343831616434653866383461326662333536303764
32653264356330316137373164306136633361613661383863386430663534303631633837393839
61393634316364323562366434656165643564306533656263393333353963653561616130333731
64663530313665616133333366393461363031636639663038346632656531356530353536323563
35663764353836613162353933636263366461643837373539663230376462326338643361646461
31643064653061313436396432366366333837343434373534373233373634376563336531613663
63316432303735393861373033623936356261616531663863653536373538353739633739323162
34633433306635383931623132373238363062323864653230623063633136303431316537393335
66383738363235646435316139353438326332383831396538316633306632613236613932306636
65616337383631386663666533383639303566356432376536393030396336386161633138643762
39363834383062613033616132653035663065636339646663366437646138326361303963376530
37663837656431333636643237656632383862613431393234363961373331363062663238616139
33343366393134306237366132306663383939386236316432333934383333363934323031636334
62626635306563636636643063386630336631343961323665306363633763613966313465393031
34396135303130373539323564353065393332386462623861656562613739313336316333636238
34616563636637303439333334633763373961393261373934366465613064396262646337313837
61396637666334633961306265636538663935386362666632303761633435653238303565636666
34653335656166343736333065373035626230376133653433316364663432316636383263616632
31643334386463386161616234356663653131306534313265303430626235613363383032623430
62343235633430356164323138396536363535633732353563376637313566313939663761623566
64633064396230303735313837616665623339366162663964626536633062633834303166343533
63346534353263373233316230306463316166396565373132643430333762623633386538386434
37663062343134393466333065656639636639393733663862383739653934663164353230666534
34333635316234363665623037653436313939663565633830643161313438633432393934313466
31363235393630386565386666333861333937313536393835333236333339653363383337633031
63393063383465366238383263636664386565376666333131643730326131313263623066333465
64386230646631303136346138353935663563623862623935633132333232363961373665636462
32333834323430303438363635643533393263383133323930613863393864346364393261396132
62373238643333303736396136613030323630343563393332306434396265353431343238666663
35393761653561643138613234353233373532393065636638626539663437663130636433616333
65356262333430633330626365663439366661616661386334336266393636643833336462356163
33633636313530663030386333316536313366653439303032623364633235623339333365636633
39616531373066333738613830653137363762616365633933303235643462356564373861663836
65333534333534363966616434386133643233623233653862656534336263623539373830323738
30326164353031396536613663313566386132626564626634323230346562336633653333353635
61376166366639373736333166383731626630313539323730616333646237663831386536636136
34313038363862663235653562626436306162656535643936396461333764383738646433386138
37386366633935393137313637373532313333386131643936363834376665636262333432613838
37366530353833366238356631356639363762303333323366626230363030396233646133313133
38343132656264656338323361393131303063626530303335346631366632366533643061393738
38373562643932316337333335343966363430613561383634626263366664666564373630643166
64306130373030353630623237313735626236666661346633643162366536616632333166326231
30366466633335663265623931303033663162626337386231386162633261353533356464653831
37343831646562306335396637613235653363356239316530643931306365353836623236626531
35316163646435656130643433633136356437376535323738653836366561366136353733336462
65646139633631346464376131383637366365643166336336306362656466376532326534383633
38633432383135303432646538633230663763616338323733393632323131636562326663633038
30326462393064646133663935383835313333346436653838313436636234643961633137356362
64363766323833313639626134303234663861333864323366343238643235363665353262353036
35333238356666346230396536363438353037353461393966613830626132376261656166366530
62316164613161336661316335643763396238613039636234366261396635656261383065333439
38363634356236653137306433666239613664333236316565636365393231643036616261623461
65316639653661643436663966316636653163653762316138323235376264643835366262373737
31633837653462313465356466343230386231633464643335316265363937366664316266656332
33626665646231396538393661383963383462396461346166313633653063656432633334383764
34363937336633386165316537653135376232346165343231306263333334633266623431643635
30333037383866653166303366613233626461303665336665346264323265343836656435333136
31396334323365323062326264613862613335633561373666376137626238303236313062363138
39393864346166666337656264363363346136633136313364343938633662616635663531356433
62303162343335356136623238333663356539653738363364396530626533396533336665633462
39396338646262623631366632633631306164313636643463373864336532653764393662383037
37643939663861336161313434336161623666393237353063373533333063653133356332616135
65616133653864643836353535343931663435303666343466353734343166636431323238323331
30393066646562323432363535653634313438326537333738616338366230646666623831386466
38346365353163333034383162616532366266353531323537393936386266623633626263333336
38653661636431303236653639316434663537633431633462353738623237393032323235643630
65653430366435653838636166636335353334343537663461376132623735666438346564383335
64303035616464396364353637386363366165666539373839303338653938646539303437333966
64623566623534393737366639323536316664396234383465623731623831633730623737393264
39333962373238366363353064633865323434353661623363643032356666326239643338336633
62383638333265656133633965336565333931333238366138666133333662373061383330616338
30366634626336393931666332613836613430653835383963666232323436373637346534316363
62656236323035373733396163353631393139326166626366313264313336666539663861663763
38376536643263353332343433333535393664383032303734626535376437643462323032656130
61643731643464656531333866653536363961383232353262326138356565323061653730313962
61633938396362316463393461346332303434633635616132383930613436663638383466346661
35616263633566383064663832386266646162623965346466326364626537623363646135313239
39363033613939376636343666326261386539666237353439353364373938373564653261393139
65353430373530343733363332366238353939333662656333323035343435646333393761663730
38653537643565343362376562623733623635616262616365633566643366386362666336356263
35316538303366656365386139373939336139613962396163323337393236323137363336323865
63656464643437316333653334343438373330643561396638346366623137353662613630613866
31613931633837303865653730626138363663626539386136396435626163613634666130306563
33343432643366643231633031666465353063663763656539623762313832376239373764643261
64623734666263336564396239363737636562646431383539646235613936333130663562333936
66336138383834353563646166656531383330646333653232393030383830353163613366666463
36633639376438343863333332333037336566353331326133646166653534353465636233376332
36333930636432346134383235613562663561396335653566336232313539336636356662656161
61666235353934313336643030333635663164323134666232353862643838336365396432633237
64363039373633323436653561306330613062633763316331383231356236353230356232643930
36376631613037386337313563636136393366366338633039376462383964666134323664383838
65323462386131623166353262636563623437626536346232663338336265343734326536363861
36346530353062386163626562643066663337396561356264613566653466633837356364376563
35306237303032393537626264396435343962633563666666326335346461313934323939343930
63666662386437353630663832346238313036323066653366333238656439313937343764313338
30633434316365363935356365643662376239373535323131333534326666646430626266336337
39376630336263363934333138383538666366356435366430623130333838303333353063333763
66306235666566336532623264306339653966393238633735633137386131363437343536656661
66643339643762353534396363636331303762643836383661323132343565333835636439336333
38353237383535653533666335333739323631366439643836313533386634353736306263613038
63633566333930306438373134376636313265653865333363376430376136626231303838306432
66646132613133373465663866396533376366666336333234303639653139343964623630343232
65623332616264313734663037313835363630656234636235643931306433343537623031626531
65396533383162653965333966393336346664306237653663646665323234393036376534393535
32383435666338663462613535373562303465373539323630343435396466323966383133636564
61333864313134653433633739323865653633306439613464616461356536626530353631646465
65656261653436363732336266346338643163356262626339376532306135306566613966393462
39626662646134323030343433663335666665656463333539363536316261303164343963373631
66363434626265343139393535663963316636666430653630666331623765623334393034353736
63303562386663303334386336376234616466316135666337656233353631303639313134336535
37396630306432656538366136313136313537653733386162663131313836353765303035393832
64623034383665343434363965393832333339636438616437613939633033326665356530643837
34303261363562313464633230383962303139323762333732336638663265366532353364333261
30323866633266336230656166376130633533343837366564393364306437356230363331643135
37393865633733333165383764643031356166313334626135313237306237376431363164383639
38333164396638386233306137366639303131616532316437623039316366333839323961653263
64386265373038666466383661303230326539356361333036643265373232336461646364313035
63386234623237636337613632376136383737306664373161393865396537353462613763353834
61383661363237323762363236373164636566636639396531666437383233306664376233326630
64386439373234666536356365613230366262393161653034643166613838623566393031306663
62316666636365623633653965333765643532643233336362343764323736353136333862326364
32623833373037343163663032613731323532323539316433626466386637303136366365303132
34336133636162393661316636666539303930326330613431623335653033373261356665373530
32666432616130333331633932346631303331393136343261383436636231653538356139356163
32643730383733303131306232346262386435313133623537636163346433646533353766306634
64316166376131396134336363626664613961616536303366613733316531383631626233623531
33653333616165323864353439356536356261393366636462333735623435353866653834383061
32383833656531323933623735343761356337363634633730623536633834363930316166373934
39626339643834633131666362613566353430663335323861656131306435306235633366623238
63623566363363336134303930373434623838373736663837343030353562333065313137386263
33306138346534383461303437633939363834633730353531386532313732306638326162373264
32646634376662333834613963633761383239343833343333356635636635633266373361646566
37396138633831323265613234323135323063393663623963363138613061656332333535336233
32363739316338383063323831646562643866663538323231343236326332643266396131373138
31356139383130393735386331616330373135393066616433366563616237306338616631666533
30616230343263323534386365303266623839653266363163373736363464316365333063313830
31343237356563393831656333613864333332373234633431343763353232363139373365646261
61353964333363396566613663313465313838376462323130383434626535646532633536636165
37373233626637363766666433616537366131643939646130666534643333663132323561333833
33626361383565323965633035616364666632616361353534613964383965653238393433616264
38306465376165326234353763393335336435323431393532323535653534336138323637306238
38363331393637643766376161346637346632663334336432643638373565663938653734366365
34623537633231323336376434373766633331613839336661336162323732353137626439383330
38353734623165363838633164666563363664373835613531316433623235633064346135343332
34393737313664333266353063333565626261386236373038323332393564656534653532353766
38343631323233386630373961393039613136356132396661346130306134353862636562616365
66653532623034303032396262376463613364326333393932306335373230666665383163353632
34663234366138393238666638336261646534343935376235333938356232343364656563313765
62306265316665336462373435643166663262366262663062333163663930316430313034633731
34323738313237393763633663333666633434343035616265303633333666353233363166656665
61373336346166313830386438616634323332623934333633376133643663636531366332633839
37343431313736356432356434366561663562306337383162613335636661663866346161616133
38353865663439353662343833666437343939383535346366666263653032643265643139363966
61366563383438333535366566353838323438666630613237393431383033313930623738653432
35663238616235653530373939613539356535626264663364656264326235326234373737316330
34646636623832373531383033613166306664623963333565656435653537643632623038353834
31643866376435623630373965376534313362636531666464356465306433316335323663383236
35623439393764343337306461383531653963306539383562316365366538386338623462383762
37326636313635653634656265336536386462663166396563353536643564333664646365616234
66373230613330646533393434373261666337646636383437363830636162343132643364336430
31616630656135313832613561323532373737343738333566653639313736333139363638623166
37353466653730363431613634616530323765316538353732623466383038636563356131393466
36626535383664623166626565366534366365306338343866633663303233333431366365373566
61666662353930323932383932326433386562303938643434366439323531326438373232336436
35313633326535656630633439373634666163663133656561393738373562336637343561613566
65323464626336373862646232386635373965653536353832336437343030323738633763353266
39353334636133633635323761396239633933653332633563613839373935313236333233646265
32366666316630626133303664313136363262326465363565636436653135383164323232666331
66383234656134616330306536633533646465663635633762356265393734353331363730316638
66613061643034633139306361333934633038386563313034313937613364663734616661333739
35336338353732323262333439333636323639346331346234303861663562653765646430653838
65616437393130343765386433393833346665396339373237346634336266653539343962316263
31323764616235356461316266623564303536303831623263666335343164356464353961633666
35333531323965373637656166636366646164313931323032343835323962613365373837343838
38666465393530383538633933396638323134303535313832373030666538346561656264613135
35636439336165393835626266666661373736326263376461316536343132613137356538363131
61323832306434656466363539653632353533636365643531343431323536363561653165333537
38383766633933663534666137613037643761376465353763656635663161396266343163303465
32633862303839366339343564333032393966373633356136306133636636333566643033396131
38326539643164613063373534316138353136323536616463333932666663316530386664636432
38396562613431653066303935666539663563333265633264626365323063326338383062316338
38393233386539653234616564643666336630383664636634653261623530356463386434643464
38616166643361623430396331366236353833363832393734393161643263386363336430323865
38653262373630616664633435653736666435643565663034346664353630306433616436646333
66373662633731393834643934346636393533393266373961383430356637346462623462363364
31346535353139313330303064366433343864633132623765363963633936626165383761303632
63376539326336333161376131336363363162353265626631383462383937336235616138376364
31316463643538363961303834323266396234623564393264376531383764653061616230323662
39653633333064663932653835343565396435643131383231346137323861383661643939383832
30393436306666393833666132663734396631383834633338333938353966393731613731326632
31346336353763396539326539633534333166343732396433313333396339383839383639366236
38353434633530623536633734346364333731306463333939366163313633333531333264616137
63306433383036356135353038353863616637313130366538626561383239343333373436376639
61613666313661656331323265376130386636316362653061323131346434313639396137326538
33346231663736383031376364343165366538326265323138633161373831303532636663636136
34623630363531366364623639306266643132643065356365633333313232303462373039366532
35333265326162626261666230303436633266353338643537333963613261393537376137316261
39313431343536623861616631376531346430643461333432366130653365323364373832623062
36623962366466373539663335306164653266643334316561363238643262376131366364383338
37326435393734376539333633623562666665643564636432306632363331626130383966666566
37333539303437303332366231613039303966626162393030623835646366373739616662356261
64366137386431373565346234383362633965666631663939353735323961663536643634343034
62323663623837323130663863366131343933393463633561326361313335323638363833386531
34393930336362613637313337356662643431303261636538333937376430333736623136343765
61306561636662373731633637613365373363393634363935636264663734626666623865316437
34326464636332656564373064636538303632393330663334396666373234666535376664316631
65303936363565386131333132303065653632613966616436643834343365656537366437373534
63633539356666303336393661383061353961636133613738333466353663353865346363656631
37366433633031326364626139393437656237373965386635306363646132303534633836663666
38366238656461643339643132363335303039323633633063356536626335653230363463393232
64323931373935326237633361656361353538653136393433386364313130366166653563306462
39383530333964653735646164356231653962336234383839333935396261393064626331313035
63313565616133306165396663366131363733366636376432346632313337636465613530313335
39376564663666633730623636346437343733653961623264633731333533643737346464333262
64623164333539633230333033343633323533303966393037656634613635376139663864643838
38303164613366316161313437663735356639396461663737666438373938383931326331643530
30333662383930376164303062353635656130663632666436663733636339623738356463663761
34646166663631353138383064636566613735353531313438623234396535663066363731323434
30643739306231386339306164616163323061346465396332356562356562653734616331346363
31356632353736363635396631646662323630383935626564346665306135326331666639316439
62613734336238393036316535633039613537636266616239646462323763313862646564636462
30643461383265626461656462623431666539643233323636633961333264626439666162353032
64653764623230343461663533636533363134303232306439633035396635616666346639666561
33363636333733323134393531646531383861353933393665613663626230303361653934613932
38303033303362373266623439346464396237386130633534333763383733616635623766613562
39623630633535303365386634656230613861373139333637653262393631323463336638663432
36373765653839303030396436353265363031613135616233646463356233613764636335386531
33333130643634386137363135343163333538613935643462396134633362363861383966333666
62313830373033313434366663313237383032376230633139353464386463663439663331626666
39626632383339363862666332373836663738373437316533366239323362326230666465636633
65646565663533346632666431666533613035363339336435306439356337326431393766373833
61393434303734386639393232373463353163643035623664326530633633393531376537373639
66626664303433376437376433623634653438343230303230613430396131346463356666356431
62393130336537366135303933646465346137643539316533383336623165326132366437633166
65653761636164346162316434636330313437306532333731383030663435613133373638633135
61316636396637313430613835306663393234643038646333633735386432393062663466343731
65643236326439376561316234346532336163623866636436303039363961383430646138343666
34393831663538306363353565656366343763326230393462616632643436303639306432333437
63313430643732383639303366353230333566643061643030333139663665393735386365616163
35326661383938323463616630623732353230653665366639616532636530383532613535303430
35313962303862653033343033323666376533343234366330373035653964376637663632373765
36363965353730356131613930663833353035336332373432316630663630326438363463333832
61373365323630316134363234636462393030396466653533316233333335636630636164373637
66386332333339366662313431303335356330643535613634376539663264646531653463636639
34333935303834623231323534343663386136396439643061626365623566333434346138346538
39646233623365366364623333363761333836663135303231613865623336323835333139373366
34316163613133623732343233613066626331653538663664623561643333623637376366316366
33366239346636363263636531663337613831623834646437633533313730613462343437636537
61643030643462646564373331376637633435326139323138393533386436376634623835313636
31646636323766663165353462646333363736316533656533333438363831616437396138613635
36366534653537656435613938373439376535626262633035303732653036386232333137366664
34653630633465373732353566313337383533336338373231323234653562656439343034326233
35343938343037313762646339386434396562643832643932393737383735373835636436346364
30343866333636396262303836323864343463326262323464616362313535383764643666313861
37616436396538663331623661623963633134346337646338373963613936616264336531626361
63316265353531613464643635373936316564653064356461353631356537386662343262303931
37386364366132666363333333393535306337386332333131376336333364356364666536326437
64343836306639643433663239313461313463333631383232393932633765366233343137333233
62306632303036383633636334376236363834313162646132393531646361353161356235346130
31646136336563653164313736386532343939333664663832393430616334393865363432356261
65666630343736616232393161366431353961396263613565323061346432636439313131303433
32373630313361613237323065626237356236366264343664646537636431623635313938303239
66376635393366646235386132333836373836323839363232663633626636373361653037323539
37643438363830383531663431623164666535376238396562306164366363316137643034623038
30626533633038393039313036323864333735373162636333623630323066663539613165343861
36333031336365386165346531386632366666636235346262613732353336363961313937363137
39303537303366336564353139366434646361306633396132383830663338636365303866613239
31363234613632383463353439653162643638633836646137336138653139313535343231343962
36323530306430663566326433643134613931663231353132343237663436343166383538343839
63663864366263626264303635313438363561663861366365353938346238643437663033326265
37623035343130383063366166366462613962643230373831303037373963643139363430646138
63393437363363363464653139613136383432306638333334393063373065306166303631383464
62623962386233336436333835656133646664663866383330336633626161323932653164356162
34616634613933616233653166613461613734356162633434333238313837666532646135386530
35633363333132313735356138346439376132613739376536333962393337333737626532626534
32643830636532303738363165653364356332643663626137666535636434623138616664353762
62666331366663303933356330613833653736383636316136373233646333346362363362383031
33636366376539373965613538336163353763643030623265366639643533626433643336323935
30626633356537323933643965663830373235323663643963333930626364313730613963656133
62373063306561636238333734303436643365643863306231653639326661303638626535323561
38623430656337313964636330383261336161343961326539393562323630313862353366393862
36376165656638613434373263616661663563373163353532356365386566353738333234653965
35373130336139643530376161303732383034616162366166373932363335396362613661613262
31323463396539626437363838313364323330383265306665356465646164653835366633363136
31326435613862383437343964316530643566386135633938386439363638396161383338633837
39326636663463393435393437656434393930663735343639383331373065343838636335373537
64333739663336346462646439323863333638393738323663633133386239663464326263313361
36373263306166393261626235346331353538656130313165633137373438313161393062653634
65633839386463636666316130326263353466363861323338373437383231356434313638313764
37366430633430656464623961313539656461303230653632343733653162376339663563646166
39393236643364653537656430343237626230663233363466353232393461626234363637386430
63326430633535656239396138636462393261343537643464323139613337623763353035326634
66346638313830646235666639666562666230643635326437323031616439316436346533303162
39313531333364343437636539353532356534623232336163353139376236663237353965353438
38376463353238666633343866623432653137383239646234326266643630353231396164623234
36383362363235643861633630303537396330633561656532303863353231393639636330343735
61336635646562623765366462393534633731336161643139366231323936633238663932626337
35373362356436633238656632343161323932333166643063666436313933323932636639353732
63646366653132336530613365623336633333306331623837633436353139316263643437303366
61663862656162323734616131363062376265353065386435313633623331633733613538303265
33343739353334656137386466663132646134363033363863353130363238376131343932303465
63646537366230343831666132653761316236333736643434343835653461323366343062366231
33356434393632353332353638363034393761373232336565636135376635396464656566323735
37336665306161343536303235396631613564656630633261653639333963323434383130643162
35663730313863643961306236626132333238396536333966636232363366653039346236326632
38326164663132303331393963303932393432663064646265613661643633663035393838653166
66613736666334653338366330613133386264316365393835303133363638386532373763373737
65343236313538323263393739616536653934373534626466663436316234656539616231613937
36346164373566383830633865363964353561643033353539313433613438646532643234303065
63393862616566663931383664656435336532336661653461636539373435333561653431666531
38393532303833666233383765313635643465303464663932653938623737376130343134366433
39653565396239366162636133613434383032333663393637323935366130626465373836393632
35366161653966303261323434623663616438393533663061383233633363353463613436616238
38323434653536396162643666646135633636633137316437643733303630306265333534393137
63326635396661653232353263303362383637653234393764666537646563373437386131333537
62376461616139373331393836636333313035616137333535373033383233666433316539313865
65383062636561353838623964323730663034306634633833626462653437303138326464613338
30336136303736396431316633303431356665336138656131666365373561386466663864343730
35306330653963306438386663356662323030376561353536663165396138633937366138386163
30633731613062623039656434373363626231623730643163633632383338336463353261643532
32326365316138383161323030613964343733663538343939326535636437366361613033663862
63623332396666633563313663646565343762666563353633333865326633313635613462636231
62313464663334623764373761656463353738643165383433646366633163376431613232303662
61623231326639666634396564623434633933623633383066356464633363326330366563656363
30376231393964386364393435636665636333613438666134326334316130613265326561626136
36363539383061353736643037663063346162643165306436623639643732623362323636316238
31353133623066633132326639323335386564373134306634376338636365393731356534653463
61623130323939626564643164326263333237626539336236636131313434343530613665343534
30663337623563633266343337393865646539383932366330653133383635386531383937303032
63653965636531363433363134343065663436383830653733333166373235323466663635336637
37393539303864653634636233313732613836666262383334356539656639633261306530376464
38313564306334393738613839333265393732316233356130343933633866346161643132376639
62643231316465353231383533323965303161323431656562653065656333303463626239393833
62646639626139613039643138326466396165303537393930656238356465353537333431333462
65393534326534373961353238386239333633653466303930356532623230333261303737393839
34616138656632303034613762343662666238353636383866323662353566373836653732636465
65313436336131666564666233333132393038656330363730343233346666633532636137333561
63666239396664336233313662373566343036363134363532653934386239333138366661666437
66623135666439653562626162343831633930313064653266356162313962636466313632323165
39373730363231306235303266353962646334353233346533383862393430626565323438643361
65396363303936636132316137353032623463303736313331623237323863373938353762373763
31623066323931313737313034396438636634303031626338343262663438386134326336666561
63333035613336353534623433353331373834623634643433636264356663626434383939376164
32343438383734616234393330643133303062303565346366313262393734353231356233383862
31393934323565646438356331626638373430326236303861376466356566353631386438663731
62663532646131373534656638663834613732613438306230343037643265643934316365356337
62326661323530396331353762336639626232303132343430666464386438613637303239343962
64636530323066636536373934386663643664633662393631303633366564633636386462353036
35306237613863333838346532366165343832326433346233323565623130373338353438313464
61316361376337636562623265653866346339636535353930393137316636336232333765303434
66393638653165343964613935373366633339383433333634383263396333393036646461613263
36343832626338633266336635323938653263366362653034373433363339663764303939643661
37633666386266346336323662633361613864386335326635343664326432636133373862643263
62636539393131616632616338353362353531613064393635373435626266336164363239313163
37623165356239323865363338356337376131376465633639363033636435353631303264613963
39653162653035353036346262306434306265373762643863333538323264633161366635333833
31326639653036313237623337336134653930656335373038653061306561376462616235623334
36663535326436386134343830316431613734333235626536633832626265616438663531356131
35353034646662343735353936323136633937356137363365363664393533646336613631623830
66623235663631303364623365303261383437303630376435373066366538643734396366356462
34643035313830323837383163373437323166663033646261383166363436306430303862333062
66363334303939303235626432383663626138383832633161613064396438356537333962323964
65656238363735303064613033646632313061373339343731636465636661393832656262353633
36646566633066376535373566616439633438323638626164336537363232353530383032613735
33396534633965363436343565393136656362353836616231653339636330656436633739626337
32343736656637386662623931326430663964636562623561303562363337623232396162306463
64653064646663393832333264646334633766386535356233363731373038646638396430343965
31393262303234313233636563666137383437343863633336343534633763303333383538373630
38316535316538636166343562373233636230613163366334333764343962626332623838663965
37313639333038383933353137373132323661633766616461353338303039656162303463656665
61613430386337643935396162323230363065653037383139626264653830373061306139663838
34363734323230363432396535306464663964633238656330333632316531656362373831636431
30346364366263323462313832383361336230616361316431623239323133313563623534313139
32373437306131643639616533303830386263346661323738303236356631373461323465356534
30356463663963393263646236356366656432323236633936386230393965336531306535323230
38623765376266646461383061663365656230376433666161356533613436363535623337356338
37353063643465376166346561393130363931376262343762376137303739623530616331396333
3034
