$ANSIBLE_VAULT;1.1;AES256
36663866393137343033373761633961303937366431373032636464333564623235383963323738
3635613534343638323333396563326563613963646335330a613461343238363337653032306261
39333061323662303765636132343838656234356633373931323766376565336434326434303834
3236643430306437370a356138386165383864643338373762616264336539373230356332646637
38363936613834646662613836386363653632383431363961396663643033306337353231616463
31393730626534363963303831333362393363383736653937386133376638306262383934323939
30306564333461626164333933626635396533616438313535616466343062613636376531333630
63393362613964623838373033323065653763616363376139653930323530363465613965663461
36316137646431366235346432666233393135363735623136346136666434383133313364303339
30386537356634343961653061643837356339653435636630343438643937303734336262613230
31376561633638643466373063633430313431376162656331396664653739646564613964366230
38316239663564313738666164333262633935386630363630663538316237643966326561376165
33306535633366386139346632393562303265323330336164613036643633383136386133316230
65303664313563643864393739316532633636383361666361346664343438616338383964303531
34353361653838646166656631373561643665393664646138653438363634316665613561313838
36323762323766393930396236643133376666613837373935646164326239363562336363343434
30383131343066326537376664393134316362393963316366353632393732323932326630613536
64333162383236653436633162653231633431373866373931623230363238383537366630666531
33663963306566383365616362303165613933333565316366343437653330643931613537373830
63363434326630656235613138306236663331353633663834333664343865363461343136363563
32343661343164306334383532633064353466366339386134366331313762333933363931366532
34333031643562663463313564316337646137386435343134373463646637633137613336633437
65313837643637343535303062356134373565336663376133356536333161613166396163666632
35356532353562396162633264353635383535306637653331396564653030623832363438386666
31383836613764646633363964653966306366643130303831353333656664316231623736326338
37396638373933633264636161663962303166373563356630323534313637393165316532613538
38623161373435366566383561313832663530616331333937346165323032633130633063623963
62616139313530363261363331313865653636663062333062386531383964396539316433326134
38646230666530383337623130653866326163366261336164656264636132336537393932323566
37363662653664613666663166313237666564323335623736313264356532663734366134393632
34373962633038313739383537363635323362623630343934663936306333363736373065393863
62663739343136613766316233333536316366343738636437323864343262333634313430366133
35303539653731333438333434353161326666626238623433653936653536323434353636633539
38373931636264363061336238633338633961313530653862626237666539303730396135313036
64363735323931373466323135373138326566616634636566333131396138306562366635653362
66363762353034643737653864303434376539316165623866373363613062316161363235393933
63656363666661616231393861303432363133366562373533323762656162353236316434383038
66626232656536376263623235353065333036663933313932363461363738376631393162633764
61343834303962313331386236386562303261303661353136613337633266663730366665663335
38663466616537383137306131376132323666653662666238623533636466623932343232346535
66646130326236383863663534343137303631373531376338633533626462306534623363363431
38373833373865336335303338306665666462343134616137353035613061653662303432653032
31613837356563323739363038376166633136663131386432306236653033376466333430376561
37376137356237653136363834656236613563323437353536316464623430626438313662646131
62636438626230646338353262646136633763376135343463343333656434316365663638383431
38303934373832303830353161383439613264646265326331633038306335613862373766316664
61336465346535323136333133623135303630623263313331653865376439643733636438363163
38356565313261633863323831356561376136366336656335343161353531356564653631623664
36636435633135363738663735333935373163623465616163393230666465643364333334636662
31666336633136366233633732353063303031623839623434373737653834386332656438373038
34333930336333336564333362313964656266396263333331363663383131396135326530373738
64616661333537663638333764333932663737353535313839323264306334326636313430343366
34373639363065653332643362363032666539636564343732666232323465636230316338313865
65363032643537356533396634376134363465666337303037656232656432636336633561376639
63336563383835363139636638663366353633326633306136386233623861306439396430623666
32393435343665316266366132653564353863376164663361623134633664636164623162306466
65633936386139376533383833626431396338666664643133326164626164656164303865633130
30376639633735363261623333396530623462396333656438316639316163623863346534646334
36373062306535326636343863363332623130653732306130366438373437383132393334386439
65386563333665343634303864383466616237383936346436323266633931653661666535623365
34636235643362306465656265633761643961383662373139373034656532376661626238303033
39383361333835373334613437313866396230366662363138313933323033363739623337646263
64373837393564316631383738343937373737663463363732303061623536643265353430663635
36633139393530373066356339336162333138643939653163663563663862316364333065356438
34366331636264396138656264616432356163356662376437623539316433666133623933333937
35316332616463636430616132653238336461323737646635613331386433643731363633633963
34326161656261623766333931316435653866373064666264633538383934346335653035303733
36316632306166623962326565616434333832393462333166353135353831633062303363343138
64666165396463333139353432396639383862313466626566333234353931656566316530303264
31383061666365316564336338643266363339346232626639613862383330346564373038333038
33343033666631313835366238316263613734633037643938333065363666333539386466333631
62396632663666653030663137373435303532616164306632393933393635366435616663323330
63373734636265303762343336643536336265353365313165626638646137363734663662323835
30663638383233306537653838303164303931383236653462636235383338623031326431326466
34336234396330316661663462356563633666303335653137303639373539376636646333303464
39373936623363353961393434336431613764343139663631316137633537636164396661306530
61613535396433633766373961303261356139663036626337653666396632386331656435613937
64376233333539343636623566313538383634383263323365333339383831363734323264383139
38353666363431666334313439613030666436326534383865396262326135656162633065356139
30626465613363393539313631616665313236396434393162643137386164376138353033303664
37626630303035313861616335353761636564326335656237643432366265316435336466646330
33343961616231316230303534323963633336633130623763383632346563316331633435626534
38653131653934653431393933333136353430643463336335396131323537323265313130393038
30353230653739663662333132653736343666343162353664393761386363353166363031393335
35656562353531346637393230313561623735633330343038333666633336323735626235393032
36656430333035366636623432336238643036326334313635643230666439333065643339383261
37666163626233333361623938313637616334616238303439666564653131373466376362323036
63613662326664383266346637326333366333353064636366393532303930653733666632373135
32663730316465663965613033613463613961303461373636306662363636303739303338366364
63663163326231306635623738383066633835623539363530386365346263316366613766306166
31623166343964323236393262353833306666336338623433386332356565613161373665663062
30303434383461623063386166343139363730346237353736333036663331666137376362356436
33343037343137316131356662643766326639323633646539333234626439393236396534653465
64316436386336303833636533386266666361393562343662313335663536613463393037613564
64333835316430653331376664363362626536333665363536356235393537643333366534613361
39633534666331373333636361306633346263383234666663383937363138623332666335366565
30383761343533343765343634323038623931353339303032663034396131343961346531396366
36633864326661393862623866646530623730353534376536333834346135383861393965353730
38386531666664303066386365373764313665396232623538663235316130613332323037663236
65323830663164626264326236643635353134373832666235386465633032353037343038626566
65326364646534633162356165303530646361623036616334326562333963376462653661633437
65313538303361383665643637616565363230356561393864623039326231636230396538373736
36373332623135373834306362393665323266316434353930333832646535333036366565396161
37636134383266623463636366326232346334346330646662373336323237326237383338633038
65663965306539636630343232663362353336303966313937383539313365666239336433616363
31633733626637636363663139663931623533313231323039336534336232303834643631313764
30303233343763366334343133393338393037393032666430646636336438333833336235633539
61323730306137313132373136343264383464633335346362303534333465646534313932373262
34316134316633613739663261353834303566636266333365616138613765626435313038616139
63323534393539656132393930663730626465376631366130663231383361633636623732613535
33326162333537636538343838656134633831373835366161306237643466383939313631613964
64376361383765363162666232333562353039323463616237303938653630303739633965386431
38346133313536316237336661663739353331343066663830653636333563396661356437366262
38643961356435303633373530316336396431333034616431363664626130663031663862383465
66333266363739353337653430663530376632313731383635643038363962306130633865326138
34613232353765343265393165626237613332333130363036646633386366633736643664353766
33363538613362326336353231336330666364313233666338383333613230393436343030633730
32333463326635393461646339303539373533643635613038636136383739356666393435313362
64386330333131326263613136333164636631663964376161303833313233633737383236383935
31313433613239336461396437366635343931653136303930626165396138386232633236353565
32636263376463303332303635383761386632373264616339386332323533393864616239666463
31343732666165636537393166313034656139306139363033356261353563623466623462613432
31303765633130303937623138323332643932346132373537343733663138633537376234666366
63353239373131323030393734663163303965306162643839386438363662313266613961303535
36306635303837333565653234323262613662353965356234313737666339373462646634383232
37633033353230646434656130643533633630663963343635363931373165333337346634393737
36303863386535616137383838313231663932356634343536353764663866653539393564333239
64383265383434613238343132653631346639363837616564346633363134356630646439373665
65313837356663326531616532353830326366626265616139623131666631646631376131613064
31343733656232376532656563613966366331623330626363666266393130336334653632613563
33333333326564643930356335666634393732363431326261396334663335666433303438373531
63383536373631376233656566393865386230646636373432643864313238626432393737653833
33393062393164393731326636333361623139306637346338306639383662643538323734306137
32643435353737633864326261646265333938313032663233316234333233393734323165653964
65353436303332646239383464396630626337626230353434306434316131366266616361646231
36646135316531363166636334316463316364653930343634633064376631663232396163333132
33613561373766643866643438633363666334346131646536393031313934663332356364623437
33613966313235363561363336663539623161356337376363313666623961633461616132393861
38623133363130376561373462393032336631306361323438663461653464366631333166366439
62346538376531366234623164356564323838333765643737616266316239333233323665356634
62626233333630613732353965623338376231323930303335653637396562613034323233303865
64626465633038313763663165306432633539383630663735653032376530363664356631306133
30323061623236333131633861333030656330373633613561623035653463316462313635656465
66623263393432373332626432653534396430346662346562613935306234376366373633353934
36646139363562623366366534623930333833346330626164383363623831393439396564373131
63303766353662326633376665383263366161383636393339323133393461356364646332636464
34663535373665326334356565656134363134323235646338653965336535393066376666623931
62333237333765373033633665353033346238316538356139666332366339303662623964643732
64656236343664353938616430383165666561666665666233623938626164353961653032633566
35343037396161316364303831333365653466343961653830326438393734643139666162333938
64343764633963626135653734316133643835326161313136336433336636616131383862666233
33623935376166336332333464356136613864663331623065643235346135643932306236623939
64616430353765356433633461393662373834343737376562373062376631326566356433636263
63326462636666376462663934623639336637643465633462623834333033636535316335316636
35636466336662626233336539623939313564373733356439616632353232663962366339666239
35623433663233343530323234363531303533383062333333383462653362356263383136623834
34643739356664326338663435396466303162653930633433663230346262306666303564353464
61373338303938653364663663366436393434626366393131613665383430643036653832303264
34316265356566343235353863643632383132363538616436653139383833316565356331313530
62613832313835663330343231303164613562343737643865633862663465623632643333353866
34336132333463363239656635343462653535643164623934383735643936643861306536306235
32393836393932613862303031383366626265306239333338323066343634376336326632663865
63363436396636346465396663353030396336646539613435373262346131663330336130396238
32346365663936373530363263386439353036336235646138386231333633653434623365396530
33336437643631663430303438353563626664653336333332393262663266333462326438646636
66303562303631373965636165376334323538313361653566333130616333643564643437663237
63306461306434393535323066306437383836306565373863393465623938616561373239393235
30656665646664383530353962353564616435313763613463323430653562346337393437336336
65363664663837343230666161613135393333646161626634343135396531323361306634313334
62396438393064656237313036623866303338326634386337626662323039633137613365383863
37373233663463386366306138393131373064616364626239333531616561383534373462363633
66363538303037353334326666373136656237316637373563393235613737613962616639353265
34623065333762653034313236333938316363353331616266303936623533393432633731353063
61366264663037643338353066376234626639316135393631393433616235323565383066353831
65303834383430313861653463346133336134353134313536353661373032666638626232343034
35666564393135663336363037396232613663636338343864326466633637396539373437373034
66303933383734626437643238393039363565643465613738616337623466336533306239393361
36383663313338336430666631316234363331643031396365316335383964346165633066303734
33393232323362356137616235336332313465356436646264363636356430336331366233316163
34343238366137333262616530326535363531626232393139636462613263376233396663346633
33393861626565653366316461636162646261366234666339613730303964376132626433396135
65626162616533633035633736633133336337653737646164363662646663346431623238656666
66326136636139383866376166616335653761363637653931613161356361383034663233303162
33326330343534303864323931633531333163633165396663373861353763333332393031376666
35393332313663393938616339333430326530643439333633366338343035386133383033616365
38316139386233613433353662626631613435386231353235366533383237643066626263303135
38633465303430346537663436663730376337346334363435623231313362666662303565653039
30633666323430376562373536663731373266313766363738656638656631653563396431663031
37326363643464633235616430376336633932663865656239346630656665303466653931333434
63373138643763643838356561313661643536316537643336623261346664393563376239373834
62643966383337316434383438653637653635636338633463623365366265353437633261316339
66366539366138613030346236386535623264306662626632386662373731663864323965663661
63366363663966623831356665333966353735383162383766653235363663316431393437396430
36373466366631383434383532626566353939656330633433396639653031323830326162636130
65383330356335383265353734333262623930396631616663373331666161393266343735383466
38333664653561396631613134636362386534306262356437393565653831353235323566366132
62383264663933393534633364383361383532653337306533393165373939316437626636646631
32383562613862623831306636663637666166633538623835643535646137346439376136396133
61373031643563373530393039333663336666366333346636656530356237663761373134333739
64323430663662663636616538653736633932373262336639353833363232353862643334373763
62623636663739343765333365383931313564353266386634613339623837616134373866386262
63623863666632643063656463356363656534626435626238376262306566396263633233633961
65656134646462326665333430306166303730623331316233353664656666346463636436656366
66373831616133333266633764333061363931613638353935356665303763373935396266623838
65346362363531383231333536633531303233336231623334663238373463363864
