$ANSIBLE_VAULT;1.1;AES256
62346137633066323238323137616332376165363964636539666662623538393262643734353362
3034636337323534643435326464353364356538326566300a313661356537643131343939343638
36633635303231383764656164616366663432393835363837626162663665376530353464666331
3735383264353834630a613033653736363737313861386632353335303161366539633564656635
63313163336365343337373630663264343465313237353032323737323763323763303461363761
30313733366236323864343238336462376661333236663665643433353363653366666437393431
62313265656538353633633565616133626636313265383366346566383536336534303761623863
65353233633936376462626530376165313336323730633364366664346461376664326630356462
39633061303735613135383264326533323966373734396339393463326565323035663766333461
35666131356362393862626463323266366561373637333837323062336235386632663634333130
64363066633663393832623732613631623939353037373231363037343335613239303537336536
39656139613362303135643633656365613434396561636464323030393538396136363537653133
30643363656339643033346237613539636333336538396432326634393234303761653134623933
64313534353639396566363931376332306337363037313865396239343465316563386333383466
39313862623733363166373836656166313736393434396537356631366538353132316430323065
33376438353239626432386534663835343938356431353133333736316132323962323564613730
63366135616464353931313366356534316134646133633135656663373739316230333465626534
36386264336636646437313238643161396531393931313866356436633038356238346264386438
35393462616334356435646439633962336563393564326566313062353263333131333734343463
36396234336231663064356466363835346130633434643661386465636133616137643034366166
62333639626531656131376166326238653563333737643234343166323539313366666264356234
61613066653461356262356636656537656538356438613862623932353366653535626534613966
34346464313431343161663337653761336133333663393832643234626566356462336261666131
62343661663961363061306431656665353630396337313961386163346234636633333233653236
63363261303665623161623966623730333139393938333530653261313833306466363238646465
34363362343235303263633364376135363434633330346437383831363965383439366238306161
36633139626666633266643764363238656532613161363766396631373937313339303337363833
38343236303234343766376266393135363964663465366430613132353034663137333664643565
35313263613236343338616566633163633863383738326164336431393933323566666135346433
39323936396133326134323536646638646438346531353933656563323439646466646462313431
65626430323830343266646535346531373536393438616631323066663035653763353366633636
62663534383439653365306161363432396538656233626636386361646632303963663538373939
65613663633730363939366338633539613762663430316662323161373062393964353261396536
36663931303035636463363434333563373032633038633436656465623439646462653732633139
61376230623964633932316535633935623438386561316461653761636561666361623533356463
38663136383534316638333664626630376262623338663930363361613235663930303235326661
64333432353963653234323431626661626535653430346463666234326362306264306237393566
38316664346535653737396537656463383530303965623733626161333837373233666463383164
30316332346130623863646630643438333035333237623432656432356666633234383037313338
61643537316635393563363438333333366334336630313531623838653761393536613561343762
64663062346230646564633838663466666163373963326531363566353232333538333765336131
30646432633064663634653664636563366534643864616233366336336130303039353834366164
39666666626134663235323036386663303064636439333662353763383362353161373530333762
65303438613934646166366538663038313834636332376436643663616165333561363937316231
63373064636161626261613465373539623663613534393031316461326561666664393435333862
38656364383635643066313066393235353366373930376438623935333961646362343562373333
66396465316661393935313065653064373239376463373461306637653837303963333531303039
33386565376134303263363531356664333164643436356534643435646638353165363931393665
30626232303066316164353264313331663738313934623261326639346334363938
