$ANSIBLE_VAULT;1.1;AES256
66383961356361616165353235623939393063383736643965366365366633356361663537386664
6333663931336231343865333232663038333733613630380a313565333634616438383234636530
30353561303035616561343535343636653533383934376136366136303338383639643664376465
3230396135663865630a646339396266383064313335303235633234393365623064363033646533
64613532323535616165353063353661356265336630643636386131303864363538376263353838
64616437313231383039303563386232343165306537633838376664386230353431663961343662
61336134633165666339313536303563366264306464343762383939653064333333666333303434
31656538396231353739353531646438343335326435303130383436326361643032643363343535
38383032393233656433383664383138613763373737373934326261363137663964613434393235
65356231613439323538313332636265376663666534316462386338393239306331316435343032
373035333638323535353563363466303434
