$ANSIBLE_VAULT;1.1;AES256
62653830343137373331343338633531396164633737656363323031376138643330373135393562
3239313335306463386539633335366531636563643964320a393165346464393035393539313838
63616630616162313138343731663266626332343133643661633631636431366131396431326465
3462383433616565360a653665643530613032366561396363306437303534336234396132343936
30346266363862343862626536326561303537346236343233343265643162363466666565646535
37346135383338356264666363323933346262646431316332663361353633633461653333646134
37396663303934343262616664663331383561343032373961613034393835383561613238346635
39386432396563303864646639303939353662316233313735353939653936663230343533303239
64386234393062656163313831656263353431323162633861346166336562663332656266386538
63323832366333666336353839653530383038333839386531376333363237623439663634363339
65613836323763306462656461303064303532356434376131653766333863633038343438633933
62336136303236336230366266383366313531613863626561386665623735346566343262333765
62613432666135353636346238313130346632303334613537333831396164623064623562383465
36633939353263653730636164616565613361306263616163353364653534613064623961653165
31373038313031303365346164326561363436336333653138623137646361303233373534643038
38626164336630303966313838663162643234373763336334616465376133313533366636613465
38363833333537353331313866633264633434373862633339313037383362376338346662346461
64633931653733323437613766306232336335346530643537333234393830646337333161316464
34353938346663613061653432386637613237366164356131303730663864313163373938633632
33356162363831356437303232653639326532326337306266363537336361383539303831613765
32663866396366333363303461393966636437303539306161643432343130323030616134656532
63313031343138663166653561653862346632326464623738613365346235313165653734383761
63633830376438343261653138306463303436383039346263336462626431303437376438646633
31663662643265326265393562383136363832303638373031313763313535306266646434363534
64663266623831376162633534326565363232376261383032656238393330653937393466656430
64633337376539643263313962376164333139333664323630376462366335643630313734663463
38313637646434613665376638333836356434666365633832353437343565653537393239376431
39323631346434356563653161396230643336353161643964653431656665396539643065366433
61306465313634363036303231323834303063316262383634626664333535383961373738343263
64303231653161323731616561653631363938366466313265326435313437303661656533323362
39333037353362373261613861623032613033633332633138633834633934653330656665656238
39666461613439326135623936313338356563343638313236303536323665343164303763303731
30353866363561643864633865343336366365366362366364623830333935323932356537643463
39636134333163303237376430383766613434343264326338666266303138326666623434363362
33313432343439653538613030663333633130353039613535376334636338333466613433653064
64396637386661616664663337313536313931343432346633663632656538386464626235336162
65633934646531316438653232633334353934643561343531366562316332336136333535646233
61656533613234323462323439653464316431383032626661393632356130376162646337343635
64373166326133646665363663343034306466653638366664383035306238393435323637343638
39393761623135393166353866363632303437313138333335663232656634343164333436343738
61373862396436336634303730396535303937646437616532306361633366663532363265383164
33626338626135313033653933663735396637643464306134653338376566656532383965656430
31343136323739383462376564373062616334376136653136666635623630633961306135346462
38336238633233636634356161316434313931633266306438343862386137313933633337383439
39383466323235653932386133396365613630383132643039353033303665313635373033336262
38373663336433316263376638343164653166373361396265383866616663393131623033386161
66333933613065613565343436363034646536643662663934306265646335623961306665666564
62343837393064366433636432643738383331386337343364316564396166623964653831323435
64633539306265626162613832303861316363626331333962343961373864333065623066303666
37333063366336393534336336353133393166643662373637373563656565633336343630623332
30313430626532353331363764613932376633323363333666306561373539353937626433626536
64366164356434623265656363363235303233613132333734333165343164316632646664373162
65633939323532653663623638366331343931303539376664323364363139626132353432316166
62336335636566613634666130373631313735306566336336636333643136633163316634346161
32343266396439313131346666393439373737376262623061373437323961393665653738653162
63643937623332363162383135646639386434363163616639653539613535373336393265356133
34626130656364386165393039663135363439663066326161333739306562616534636239386433
61386664383830333464323064333239636262326538373664376566386238396231646433643736
61626461393436393136656135616132303431643034623739326137666635656464316335656338
61373335313930633939363562663534383062393731666165623135316465373661653733663565
30383431646139376634373833326161316266663966306161333534386561353739393039653266
31303565373437303764643631643637356236306433393436396232643565356637376237343963
32633463373466613135373763333139333335313063303038623230396139656663663435653736
65366139626533623066636436353038393833376431376631333765373439306235623761333763
32633632663162383132306336343833333338336433383337336565633961306535326239616439
34336163303738333131396330633831643533323562636433313039343866353765343738383139
34353438666634366263616562613835663531323231656633333438323332313430626563666439
34663033373766353932623030306434643033613036316562356334613232623839313035323531
65336664663165373439356232303233383464656165643465643763336530396433356637633836
33633732326561336139316339306634653330356164663032336633643734646331393462323733
66656231353735326535323763306535633362376136626662333731643034383434333133393261
39333462313266363864393265396633623230373730356465643233323336633035643236376532
62313139313732623864386336643162376530636230623533333539373562343635623032666236
66336138646131303463363237616135373535623832393763623662616461666439353536623734
35663564373235656464623230343630623162333239353763636232333865373364633764363430
62303839346339316131383837613464313138663637393137386661336464303331636461393861
66626362353131376665363735633364663730313838636534313435613431653063333739353834
36313562336366646533393135613163323965646163323162653261616362666263663836653631
35643663663765663861636532663830386630306639323332383732316662333936376638356535
39646334353038353536396231613836643538666334333066363863643137303662356230316365
61326139633666333034643930383662343135313465396435313738343134616430386234346462
61303239323265333535356234613938313836653038333833623935363638623737663739643433
32356631626539373836626135383064306634343236383737363631353232343432356437373437
37623762313061626132393566666165396439313263623731623666613931633762366561376534
35353834373935373130396466636633623663363832656134313337393965666538346236363439
65306561613230663131393238313231613763633363643133656230373565373165323837663738
66353235343634623932386539366634383735626363306438393263343362396430323936376238
31643137663132653837653732636161653837646163626237373335303037363765343237303231
64386164666466653637633531306431343630303137383335383036656666313034646132376164
38303835383137326234663037346433366634376335376335376132303234306464633831633437
61306362623536363837303035643233653333616566376230323833323265623565613436323164
65643065616564323566326131333139323762663066373531306164623466393562306161663663
62616361303139393433396638393231646166613932363933333261643936663930393835643064
37313036313064336362323763613166373838313132383562373239333439313962366464356439
64663831656364373764613735376635373637626432353635633235636565346462353866383264
33613236323838623065646436356664363766633965653162633036633935656666353466323839
34326331343065336138636139383562636331663039636134393565336433396263656161356435
32343930326234643935663633356231626665336364336261396366346564383238656164373531
66653135346138353930333064373031383832323433306535396564646537613661336632333336
66386235373537623639313238613130643639646532396534646332363333323234646639366561
35373262663365633030353466663333623232303762346663313437616338663437366337616134
64613762353938336532373433303266663533663430306233343965373839386465383833306566
37613938363030653030663263633131373261626237303465653237316636393961393238383139
64626165663139393634396466383339393231366564663736363065363136353635623164656439
30663064323762643936636664386438373366316463376134363135666364373864316432613062
61626630633664626462333733323738613163623835663634353336643361386437613833353662
30636538663837633765656238356234393337333964623530303738326564633735616239356530
30643639646263343730333433353130653639353861353535613265366662343932363139326132
61323361643365373065356630643736653233353333633230383864306565613562356430613436
66336465356530636161313966666435336666663238633363656338646135346262343237323366
38363335623061653766663964356562336262633130623063643263386431646336396662386336
37643335313765313831346330313262623733333933626565383836383462633733656131363434
32396532343861626333616362643561356130643334353239363335393036663133383937663037
32323632306436306630346561346138343366613830626564333234633263626135356137326662
65623530643334336164346134356261353764643038633630323664323634663633313830396330
31643432336139303265623765353234313063636164646265303230343361333631336563313434
66303666373765323462373236356637363632333234623866306261316132356437323362346666
33323461313731656435396565626365313939303639353632336537646537656635653138626338
31643763623162643165333763346635643062666635373633333632313738373464396662633933
66366535393665626666303436633462353765363064656138373838613565353934313661363738
61303233373364373162303762643461306230303638396263653538613161376136323038383030
37303933303861663961316463393063616634386438613433653336616264383037333731333534
31303163383932663361633039636666633632376634663862633165323035636661393865343939
61373732386633383031353735306234333835373237646134653065393239336232363133626630
34376235333762666630323236626130323732656466356232666164366132383930333636616139
38323839356237343637613666656664366538303535353835626136636166646366333138653763
63306265336564323866343464353061323636303663353965333061336432363330353431303631
62326364373037373734366362303465333837653437363035656363666533383064336534666265
66386338626462346234323663666131663532633361613335343663636430633931333962383362
39373936363364363861373566623639626334633533613864313762613034353334323633653564
38656264313565336539396264333564353731643632306462366239366332323337356238323632
62626266353935363362306639636161653530373462323433343230323035626662343039363530
32386335356631323139313736333236656331346337323465376363616566326433343234353037
63316464353565633035663631303839323263633135343161636537323530353839386462306631
33666362306263656331663734656435616237653531393335613361643163636566393937636238
38616366356630353532656565613064626330303737353038356239393061313834363863343737
35623134313966353532333566613531343065313365663038393332353462666338356633383430
63393763326439346637663733366630346131643134373531636461396165663161626264383130
62633838336134633564353564636232363861326462316630363763376662313166633130353639
35646562383436343938653838333330666138626431383163306436383937623636656231316361
62336133656561303163633461613763303436363738343233393865363935653536326138353862
30633637326237363364633138666263363033333534366335373735663833346361333465656337
37383137343032396261666132653131393631626639326534346638666635393239666265663062
39323137613665393039373939653361616264616365393965666534633435613536643464616261
37646566616330366433376139636135333264303462366263333961323734313862356562643937
36383136343766636234363532356264326662383330303866363761643632653262633761646164
33303137626535643534306665333035613133383834333333646438396166633334623363343632
65343639393435653332313761656331303836643137653538323763356466303433303464326231
36343735336463353838666230373761343934623737303166616262393936316532373265613061
31353365633133653763346363383166373162356337646332663334373034656531343239356564
61396335666334366230636464323361366533613233343464323265626430613761666162316239
63623935386536633764323433393162323361333561646338666430643962363830313334326635
30353936373938646536623866626538666539626332646430373061323831306138353133373866
38323636646232313937383566343537636561623465313232396235643037666532653430613031
63343434396432336233316339303265616339326166393065656364663532316362326633633131
33386537656139666262313638663135653731353531663639353261616465396164663466313037
65363731343838303134346538616163353232373032393637616138396266386465363465346339
66343633343732333037323162326165626238653530616463363661316236393166386261633634
66666364376635633837613664636363383065633733326336366563376334316565326165643964
31643533396565353939363638393433373131316439353031323532303965623436616335353137
61366131303361386165396463616434373634626461323831386161343030623039343434653232
66393066643933643832623737623632653938303633653932646464353434346131393261633937
63316363653863643432363934643866353037646330316136656230346531313561666433613533
30353865663233333033643531636132373061316639383466396163373930386639656163663939
32333030373430323334323463346266396438346130666231313563656336636432363533393865
39353666636264336630353735396565323038393463303265626634376565363233346663626533
34303131613834373864396630666564633038333736383934376136356163373635333965666430
32356661343264373138386466383564383265373832333734633965366437643734633630333732
66333335393564636661323536613230626237663063663232353736333131663438343330383965
62373365656562643636626261333061343237363332333664313533356162316564613534663464
38376532626639626337353334356361313135366234356334313032383930613466393062333031
63633538623838373365643432613437303638646632313733343861393364336566303737363434
64303038376139333139323661633535356630626238383035376139376666373232363932363838
32303130353138316635393735393234663939386237323936356466616464663937316431316434
37363765356661663635366533343066366332353363333039346337343165646330393332313466
65373561366139386364376630616462303563366139383562343438353837633533343664366335
62656361323338616337303834356234323232306232383533333839663863383761313033326638
63646262303065333532373138333030386561373633356339386164386339393337343837666466
34643063666165343634646265313430333332326239653439373830303936663266323732383063
39643730346230306134383233356638663336396239643131366166393137616438643838643961
37393963663036353732373936366263383632326430303761393934646439366439343564373933
33396631353864636337333564623530306333353935316230643363613735353730663931356532
35373462343933383663363163636161316366313366323663663466343264633064666638663763
36396566363139373938323131306432643732666665613534613462646633663037303734323834
64616331343336653862383761326139303039333133613038656430333136326532376138363237
30336338626132643839313363653034633338633564303036363638346161613239666133636565
35323331386165363436666538386130323063303638353730636235323933353237383065613136
39323330393433316232313633373164653831373064343938303636303233636137336234393231
64373732663961386333323861633665616331383637643965383437303730313739336161376138
35336334326439626266373036303566393730666236346636316335613036396361383133386434
62363364343362383438306237663534653439663665326434323333636265363164333337643732
35333662643536323434383536376137313731366439633231653964653833376632346664663161
63333265323831656564613762666132303263653864343563376335623333356630316232303931
65376337363864393966303636333632366632313338363835663166323361613461383534386566
39623062666435376666373763383263626364626463313866613564643963383932383361363537
31663339396234393237373133663962303363303866383736666363393138373537313430313930
32396236313565356634396233333532623665356665326436303139656434373965643031323031
65336435653431363737623833653239383062363737336139626637633337656336346465336634
30363365373364363734363937666264356639666235373063363637373632646561663162623232
66303765626564623661363936663832316435306163623134666562356432616463386439376237
36626631326233376463393066313931633535346462613636376166633662633935623162353336
38633433393135653536333966326130366165633737356636323763653364636635636639636637
37643938303438386238393039326365643738353735313431666236393730356334623435306633
32353338653163623239316631643130626439633437626364343339646634666133363633386136
63376634643635303030383136323563663661666137396464626539663737656330
