$ANSIBLE_VAULT;1.1;AES256
38346336616331353831356633363261313063363838646331636436303238373466383034383037
3161616262393736656462303231653364303735306339390a656133393066313638323365353262
65653664633333323139336538386335666563383961383934346666366462346333633336363633
6161626564646134390a666336316339653664393366303338393731313137656332616366653064
37663264343033636234656435386463386136323266653636623461626135646331353238383565
64316662343662323933393462626632306462383564326665316661376166346665353664376630
35356137623464393564303261303330393034323431633063616639356337616335353164666430
66333137396638386164613530653865656136663831653637333035616561653237376263653032
37646531396462623632316231656638653037333538626630623039323963643735396638613562
63396139323262323435316264343562363362616661313562393764616430333333313463323961
62346464323633306339623161356665346437326435633865393863383636373431646464323336
32373630343834396565313034336531316132333330383865316636393261346265623539616565
33326461323138613336313565366436366536363831396233333639373636643231343434366562
31373865336362326131363065663539353830356530613534646139656435666235383735346164
37323630333861306437323130396138353733383230343632376461663030333066653431633431
34626130383862653135613334366435623434306530383734363732633965376666323664653564
36303165613632643263653034396663323361633262636239623030386631666166323264313666
31393966613331363161653562646332663830323461616136653737623163613435623436313963
33373831373862356130646461323161306539393863323230343830396264383336316366633039
63653564336235333038623362366433613664646639376161363737323636356631386463643239
66343865663933373962663439343363653762623461646161393565313034363765366233303835
61623363666235656165626263656665626561633738326432636639336530376336343834393265
34626636383764633035313030346636343834643634323737353363643731633431336666363035
64306462353530653838316565356363356130313234626635633735393834323339353761626637
62346230633564363639653430653066353133656466656437613934343066666432303436316264
33653138356639323137336636353636313833393066376337363934306435323862356239633831
63646663663039363739653937313065336362636231373438393734383435366235363639643537
31653866343362386365393062343533303133653531643564303763343830653836383139333935
32636435653765303036323364626630316135616334663931633332383533663263393630386530
63386261666138356263663065396538646663613932386665373464376435303539383538373064
64313336333335303236626532633632333732366536313965623365666236363965356639363033
33383139366462646436336461346534653932383765656363626138366336396635646136356130
38393639306239353638643161663834653637333035396331636161363465633934636435353635
37653563326234373235636230396262626239353132353530623330316563633232363862663866
62393333303431363335336631316336623537316131653565643261633130363866653563646635
37323132623838313262383430663935663733646437343061373065613538663333666265393164
38306639653531613530386462633864623965653964303462353534643831383431313261656564
35383361346437326136656164353863306239386336343536663033643464303532316332306532
63303664343665373830343834383765356234323336656639373635343733376265623739386666
38346632336131623263653164616465313438363038333731643261343031643434323539353866
38393165306261323835666361303935656532376465646365303062363232336139663636356135
30356435646362316261643834366130303839616234656363616430623566363936653363666364
31616435326135353832613163633235633932373763373239333966663130633533353938313366
31383461333738353065303932326134303335316561306430373566666430643461333432373231
65353933343938653836666563393931653036623661306430616562313336376265303166396538
64376232666464613264373739643963323264393362316437326137633364316139633661643338
35336334396565643533643038613532333834626230303933393439306133643336643934373132
66396533613833313333323730623062303035663561623330333336313035636561366361393662
34356330653933653530373637326261666663366461326336343434636236373631333939343934
65353434313363373365646562346230313539376233356430343661646639343630666437646362
33363932306235343064316563363665326462333462666638343039303866333863666430643236
61646339353537643930336436613066653562656539353431653536663736383230663263373038
62343232373438663661653135326636656565373131386538636237316630313939663833363530
34623938646362386264323238373435663633323536326339653838633233643939643533313661
61343536343939313037643930376434663432396538613039653134653266376139633135383836
35373638363034613730633936346663393865303065646239343132333030663261313232623261
34653262346634353065313734306265653364613432653737366432343536373532636336373239
62376264313137646236663564663633343837373034633139303662626539663163366433313933
63373334383134616165626135363038363730373166383239636538373631386133613432383235
35303863326139306534383034613337383631653633613235323333346264663035373839313537
61666136396363366361306138666237323533663563326234333931643833643632313662373734
62333362303832363238336663653837666233393533383165306235363435353238363863356232
64653362386533643832663634666166376535393234623236383834643264333633303030613961
35373964373263343735333538363239643162303264646435326661663639323934326564613835
32666538626563363230363638623535343437313162303331666563653661613337363763303331
65626533336239616639343833623537636363323734643439623864376339616161386336386534
30366235366635626462396562616639316264333166313732646433346466643830393762316534
37376537646230363037663039616133373364363765356539633738303038663162396335643935
36636431383235393330373437383837306438393438643133666339636336636635326430653463
64373037306135323566623437633239646338383639323963376266616535323531643438623664
36376234643865663062373964643166626261646563633835613337313234313539626561363464
30633166653062346466363732333135643436653737643431373131366230633861633732613539
30653666646364646261396235613861323130653832353137386265376136663566323263333339
30626130343066323134636262326237663131643262633037326366613430323362376530643039
32306162316537396231643763366331386139383534636363626232663264626361346666666462
39633332306361306630376634363263653437613035393139396461303232356666373564353366
33363166646332346666313133643431373937666235313561363236333137393031333763363533
36313866373631343431393630333637353862373132373530383434353364303439616163653738
32316561636532316165383738306638656665633033336262343566613563373566616566386534
37336161386436376564666439356365333533343263353963336530653537353833633761383134
36326538386163653761366531363638653232366533633435373564336237643233383663656131
38623832386137303038616530396363383932366637346331323366316635663330613134643663
34613935626432353936373264353163343230653561373734366362373936346335633632336338
34353239616365613339613631373166303833336565376134376366353438643330366637306538
33383137326232326164643964373038376539323961346563643938653931646566646666636436
31333762326437313332646338396136376334653264323636373631323263323461613462393830
64646366333232376261626534386663636332366233366236313265633239356230646538623734
35396430643435353632623039656337633738373232643538393662383137623864323334653237
61316465623962383337366662323437633137626438363335666437633839353962313331386237
62656234663362353262646666333337373163313263613130346334336235663737643466306139
63383164623535303566626133306337616562313437623735353939373139383232333437333262
61316465656434396563316336663866633763623864336161633430323430356661346437613835
38356237643635646463613136376665313664326162383331636435323338393535383532353866
65643861306262303136626534383939303935356430396532363930303830306164663437633035
64313231343234636635666538626638343866333930303332623337626562623436366135336135
61306635393765343964333262323031666535643862656462306663353562626565613438303733
33353536356435336538343635363337636233613139393130616530313666343464623737633237
31626335313066316463656537663539346266393535316366333761646466646263343866373264
37306366366435623534623761383734363432303335383432626438383363656166383531346163
36343435343335643937373062653232376265633463333063346232326265663039373338663564
31623463336330666239396333386232623138323565383339623139316466363634326266313166
39623639643838343431643162343363336635663063616361366265643631666231323361383265
33353766313936383635666263323737646433393239396332353732313265313431366433643332
34336434663235656434643030646536393737366334333138316531636639353162323066336565
34363066393666353038646663653639663637373732663738373066613763663361323038386136
34313538356537643538313333373231613634393464323032333630653564656530316265333831
35643564336335666461633133366364616566663338303438353532633633303731383230623762
30613135366236633365346639333435613664346333633734326563616133346233313136656161
30376264613136323066616665386339323839363832356666303661333638323534623737323435
36636161623966313462343530646337336363396165656464653063396564656538343535333337
66333563353763656634363437386434353461383939356136316637323534616164303164623166
38356539356165653365626333326161623466633862653330663231383338653938363336366430
62376531323864663437343137323261383531393261383430343936393264353461343738633138
36346463313663383861646638333536313363616461666436376338623664376132333365356338
61346561386564653037646533316537313633613965653662393933376233303833363631373631
34393339386434613332616232373636363538333436643561383634653639633331363663303838
65636538373161656465326138333138613934353964383863643839613665366131666235636162
39663266636463653335653638353765613966303863306463303831306663373035303062306361
31316465303336396164346234303933363738313632666533383134383432666439613736373833
33663534633834376435653839376665653864343161383165386531656230376130303036626663
39306330393264363662336636373334366262363430643864333564646231613765326361646139
31373530303332326461326633373036646466643532616565373839343330323962643230643035
39616233333664343231323032643532646535376464643463333562633966376234303537303337
61346639663235616538303864323862616533306538636464333832333466306138633037613739
65663465303335376232616138643536633334613730383766633633643437356561616565383631
35303130333033386166376365306438666234366264616631336132383231613134633536386330
33613631383530313163646437303335646665386233313534363337323235623730363465623834
36636566366461636330663561336438356538666332636365633539316533386430346235313232
64323265336465396563663234313961313164643533373937313865393338343735643731393064
37623361643566626239353561323664353838306235363134343533383264633331313761303632
65646563323231616439323165366361653266633235353231366461366130396464336638303038
39383965643334316363636563373631376536303733636234366534323238323235613865366131
33303932383630313130646266353035623833616463353261333438376632633439306562393562
65353732363132396439666338643532616335663933313638666661633138306431666366353964
37363634363533386639353731343563343965363264316666323933356365323939396339643364
35346439623732613833373737336564366264313962383432386334656430633964626637386239
34313466623438383635623862623765373966633566326531613234346162363634643634623730
36343932643031303662313935326361613362363066613636623938643566666137303930373936
32653130653037643639343030306164613962643533636436633463346666376130326432303930
65333865646666623365373635393331653936326636336335333363303039346365333532343233
61353937393136373834393930616662643736386333626133353661643161643434396539353431
32386436633939356432653766613034653335666238323435636539306231646138666164323632
38633730366330376136346661306536343863656532366637333036303163666236313863653766
30636430326363313031643663643763333038353865623539656333663233663439386238663361
36353161616633666139386434306132396531386338633936326133356136343133646537316536
31636331376263376663653738303263336330366664393730393561363165303432616237373131
66333463343464326435653963323136626237643038353638306536373733316363316439316137
34393662616339636162383935643736626130306331303966363330653164663737616338323836
39653632373563393466396663323236326335326632353635323936633561366434366435366564
32346632363561663638623835313734363261343538333234356337306366393832663632316336
61323935363034643962386232393734343162386562373731396662373534666632343034656138
64303436656136313761626566313537653663343531313535653737316130626332313666656237
31376235366130653032633931636431653461373762366361623734393033306463366233656530
64633265633162343261333063643264306465333336363135326233633337353636633734646430
33366366363332643933356433353436383933323838626430626166306637626436616164326338
30393662626136363466346335326532316334633431313233376230353563643363323234313631
36643033313262656561633238353666623739366662646162616530383666303464616531616433
33613137333831373939636266393734363031336338386263326136383030336666333435653533
36346232623234353339386430626639373539636438616362656361363031316363343039323463
61376334626137363238326536333665343334343134663465623136333337616464383162393664
31313636323233616333373531666632306362383635383032396136373738323835346633313061
63323566656337343361643835343637363666303632356461653632613730633139663366323533
31656134376234313032336564313361366330646465613237353931626365303865373263623062
61373263313362356433363962383634386138666138333363326438356465633631643737333264
33343432303765373739316631303235616361616562316263346465623762653963366632666665
61386261653334613564646138313332326461333661333462356165393335623432336535356630
31353963626535366562343231653263393663303662663961613138636336633136373238393530
65376537353735633766616238326664323731643634363465653265303161396239613363373139
35343939323864626633363733343166316363366137353238303163656564633262373433353832
34393461343861393838333430323363363034313237343636353963343835393631353130323836
38613231616464333064663034323737353964373364306165616435383936393064343032323834
62346332663634303366633337396237373665633165363634626165303236653330306266633966
62323538626263613737393236633436363865623438656630646631386230323565653231376435
65376261633263356665636338663439653239393030383637313462656531323034363363386637
37393762313965646138366437363565316236363331656635306165663566333538396563323163
64613737636165303361396136383934653762396532663936623665356361316232626136363866
37356534613238316134616137623661313136613433653964626338383539663664376561613037
64336332666231336164646437333034646233616133303865323766383131643838643564313835
39666230663638623662643833373363346563396436643839333639326636636139316562366330
63623837363763396663636430386362626439653465393962383832396264643462643065333763
66643137396539383730313034623862666535633134663465646137663639643239366362336530
66343339356432303061343937653532653237336633653039663335616361363063653439323233
65353335643962393061386537636336393536323335393163336531313538633839366137366631
37363365643664323264656361313861623839323865316538663639663437386464363435636563
34393039346135383438613031373734633763623834393735366237616432663736616330613062
38653438626465356265643763383662376162323634383035343732643131366134623461616234
61356132623338376532653166366532323966643361323530643435613463306434623539386139
64303330313732326236633565646564653439383961346363343531363161666463323539306131
34373062333430313063303563616231303538346266616230653133653539373536363736656531
63323238666331643264353230353038313461663039633031346137323036356235376434393861
63633934343365653766363136396431616230626335653436633732376561633335343264333036
61636239353461386131383938373864616263626436633437666638643164643630353037316538
31666364636534343765363762376361366165393434316335633164633332393738316333336236
65303838313438616638396430653737326232303638653131386639346137303364646366373963
38363766366234343239323962326462383561383762323039656339613563386231363535333335
65636337383065386431626539313866356637373031316264343361346334626363303066616533
66353737633732663664333737393135636461666161303836613734613234656239336438393864
35626632623661333064333732316136323461653132393365333962633633626665333333376565
37643633616531363361663164356136383434386534653936633530383734326665396138613134
32373766336438613462616430326162356335646461323635623365316330306636356134333232
38386562646539653964623439313635383963313435613931656163393237616366363730383439
37383236373239323362636337366432383836333731363131663062323739346432633135616637
63356333306130393231393161663537613730396664313333636563393632363932323965366261
34626238383339393833623832323131333638336235636331386233626437353533633064303039
32366531393565623166343063356436313533313437386333633034363938306533
