$ANSIBLE_VAULT;1.1;AES256
33636130653132333530343765373331326233643464323137613932616261383861353061666234
6134373066373139393838353031306330323866616539310a363562656362656134313039386666
34366136303764386133366331653934373161326330333032376239306135363466333239383232
3766393336356533390a366532643636616333633838373830396465306130656261326435666335
61663838626635643130303232326535343766633838373462633036313539316137656539666532
36393862656131656466303933393836353165313334383037303435626264366264623465323236
37646362643664633539316130353864366534633339306132653537313936623734356132653631
62633332306137613537366439386235663262373765303535376330353065666661393062366265
35333065626638366638383365333937656266663431666566326237323539363132663530336633
39633730376636646634316561343735373934626434656638356135666437303637663365366530
39393665653137306336356339626538386339653039333464336261336336633066646637643061
39376338626437376161356637663933353035336263616466373935343965643965336231643462
62353336306130306139316237343963323861616636366364616438623230613862653563393631
63616232313937323366376164323963663131326133616164353062303335653231386230336133
65306431396161323138656162623862346339646666623536643536626263386430333939623465
63626266666635366665396532303861396633666136313338626164303331613236333264396363
63653261313339393436356466353562343363653134343766616536626534393830323237313161
61383336313230383935303832353765383430633166356565636336666164303034373833353166
37386138336633363835386135323630373035333337646138613634623230643331636238333462
33353564383634343135353962643766373461616133393430623163666161396566623062383264
61343934643331333133633633633936623665376634386438613564303761643830613337323635
32346165373031326637643565373931353461326161623436386463653835343464633365323939
61333965653832386537656263636135383930666565316337623861393031373363343938616438
63313631313939346335303665623530376162316430366134346563646239333537373662386565
39653337333763316565376165346361313133386164373062353437663737373161623162663736
30316630663565323736326535666231323065646432313863626639386561343930353664336633
66616331373234636263343038343465623862323666383662646362613535313633383561626332
36626664656534636633366330376631613939353333363164323933333837646262636433616138
37393465623435633565353861326531613561643638646533306131633863653035386331636538
63636434633838353338656264313836303930663765636233376136333939326238323732633138
64313430616139303934323639633665626564376664613066373537303365343936663331613034
31653963653363353733353966346430343066613661626337333432616436336262383535313864
37623832343762383264366137303066316534633333643836333838626231363734396439306131
66313734663238333231626338656537643661343532326365666661366462303533653733633462
32343963666466633535643963666338393338653265613433643634313063666439333632316238
32303565316364323939383033323337343436316239613335333438363661343836326461656232
39636532656233396661653435306665636639323231663063343738393436323065393936623237
61363665643339353765353861373934353864383237613136663765396435643464376361373034
33643634333766343364313238626363656162303261363765343838373165613034336130623965
34306634396264323732346331646561373239353335643466373530343537666264373230336565
33346438323765643634633634353435643038343531326336666661373135613563323836313534
66656638303062333534626131346230623764376438653335366465316164386261386166366538
31356532326637356363303239346263366364356564323964306133306262666164316239666638
39633438646439336261353931656432353738633861326633633162333035643162326632633965
61643031656331636334383435623937623463343836323334386362303831663131376631393365
37643030666363666634636531346663383033616566623061373630633161366236383238656463
61353236343633643838353861633164633666613137346538656633653335396634333863643333
61383936346532323265356664663366353538326261643030623966323762333530656132326364
33396535316162303966666134396638643239616338303232336435316465663735613039646666
64346231643266643161646334643764646464313066386465303062366330353533666661343732
35326336353439363063616339633638633864373666623861363263663366383662653961346362
35323333636262656264353063623938373331343731316430336366356665656231326238633738
39393566386563313734613365373664333032663438623038363966613761393036343433666637
32313364643538393466386436626438333332643165613062353734633937393332316136303664
37333761396333386265653465613833313437376364636434613338303336363465363930646665
34373632643963383735396365666633636661323162363031373562376662393033353030386439
35353434386361343739346235373032343162356363383933643462393437626338633161643165
63383134373136646132396362653132346265393135636666383630386138626638613461363364
63633731343962363130333063333432343564346664656161346664636230366238373632323737
32303534653032353232386633373334306465363566343037343065323837386565373538626538
33326632616534643433336533313761636238373330376565633237613332643763343033383064
63383837636237333039393130316362306361316266646565306334396238643137326265633632
36363030653761623331326162616338353534643734616232313136346134613565643436333338
62366236653930613663356533363766376637666533633238666466353032363433323139616431
36616430663531306131383063376330393130623364613039326433653139363634353336323334
62373032383233363236636433323033386232323263623338393532663066623063393662336662
30623864626334353634346536663866393262643761316533626138383639363232633737653965
33343730316562346564613036346434663830613966396239353936316139643135393939386235
66353534626263323165373066326637653661623566373236363030613064396436666666613330
61643062363865316131616537393464663837663163356163356331333863636237376463323461
33613162316165616466653661366334623663626438663231313364633964633935383438383335
38353661646431313639616464376564633832386465323362303438373330613635616437333036
63303363343463383231396530383634653233633966303434653562333135633931646563393535
31393337343838333537366461643133336266363266313965666531383765393536386265613962
39663237623763633265326136383136636239353131653531636330363264393161366264626661
30356536306335613732396239623830373863396631643136616432666630363265393039303663
38383766613535663932316362666162376132616337316235633537353238353065656435363435
35343762363239393337383262353337333634623039393433663333356636396565353733636136
65656533663937313264346433663765353834356133346137653666653863303461643034613162
38323238653136636166356536656132366432353436373431383962366561613262653632316133
32646135316263343839366432373337653461343832623430386461666363316463353037373337
34346136333966666362633237663838343535663433323436376163386361323337643864653964
37613765333461303134323764353963336163663137633733326366623234626531396634353839
30623734326631333331633363646230363035326564343036356264643038356137353532393735
38356263633935303334333333666433363637366139396261613839373337613938623238333531
38633437366230663630303937643134386339643233653566633161636434326530643963656664
37306133663436646561386265306662633334663162323339326236633637616139653264303564
62363936386539653934613039393166616164343664323562343939656165323032373465383562
64333236396163623764626161373666376636643763643763353232333430376138373234376263
39633230643039643735626664663330373731376266363063333238393162313836613965356466
33323232323130393432656266323231356564653064333637616161653563616631363837656338
65356332616262626537663934396433653237353530636138336665326563396335323162333430
37666334393364393233396266363135616563343239663662373565663064386663303136663537
37313138353637303531613933386437333934386236613666663236663165373034376339616432
31616434323462323731373535343830363664656462623436336161653762633465333532363537
32663062623230363238656136313234636330623538653838323636353934616434323034613333
62306137326536346538306139373135616132333931393438396632633436623436383636326462
61663264363433373034626366353063646562643237353665356231353939303063323237373936
38383364393064303461626663663033626537326330323064386166646666623561636633653834
65326436663661653231613765393264646566336430633639633935643036326438616364306564
63383461613462666635636363333830313833316132343738633339316562616437313239326563
34316630323530663266393732383062343335326166323966626439666462643563346537323133
31313935626266633232623464306639383230323134623736636666643133303830353465623337
36313265663035343236323563393463353761663835383236366334646637616130373636326562
37363035356630373732316565316136613730333232383535356138383232303838656631663538
37316466313930366266336531396330366633306431656634316666383834373362316234643830
66643366633437316162363132316636326336376265326232626261663761626335306362333463
66366362663639613233616237633334353337616331373265643962396439393737313437313033
34656465333837636632393462393031336434313461316538616634343162616236616461613965
65353961353364656537356664306166383337323237316161393361383138333139633639613238
31623934636134643838313161633633346134613362393465343333303163333732303033303265
34373431643132353466353663666138373233663134623865333734616335306637653331373664
66373839373433623438323131376136646163386337653734383838656230333838646663363238
65326564336238323462643436393262393765326330613565336139393632396235613831656630
63633464623166353964666130343864333431613932633330316139616339663237333162343366
39343461343866343134656262373265623762653537616538646664373130633636386236646436
63356530333166303237363039653766306533333665373265343465383334613039356266356432
35663562303436613633333932303561303536363261353836623630353738333266313738663537
38333964613133353634323861326234616136393533346464336539316134373464393439663135
66353231373131353337373130646234613634666238663133376130653066663632303335353364
66643033303737323265616139383934623936633364333861346630343832303862376366626130
61313633633863323830386566303231393162663061336135333931636232623532613637353665
30323963663832316535363766303333653838366334643132303434653735396661333439656637
62653465343339626236633163646561343164343863353735653231653030363265656661346361
63613533643962323162396461656131346530613966366434373534613930613434396230326534
65386430356462613765393034613361363466333262626130393938616366353331343862306631
62626533653766666631326130313133663431626536663333356534633638643033366337306337
33393733353662393730616462613732313035653432623639666235346231373432386662613334
36306365373063363037333665626437323863626633626531613231393264303764346335373034
65366439393238666633656638336664646330323265323362303237613665303034343366333734
33323162323037663632666461366464626331393966356564313363323031363163356235303835
37636137643761663531383766656430626433333164616165643962643236373435303962376536
62623139363561336338643132383938306533356337343633393032363964653162616231333864
39363436376233313534636137313034356366333835393762303564363037636162623735333464
37393062336166383430323165303466646433393830666464663238613862636237646536616431
64656431363734646461383133356434363038653733333634623764363138386331613761383932
38333939393530323137653763626566333930383061613763633135363333343830613365366666
31623330656531623464336635323637356266626132316164366366373863663034623034326661
61626265316363646630353436333136346134343034396639343463643430366562363363373466
66366663323338323638623131343732373338343534303030346134643862643365316235303235
65356138626465333261343538353635633565346265656461376236356663636162623235613265
35333464363839316261336163613866633538323361666236663965623633623363366236613932
34666265373237643437373661633732626132383066613835613965666262643830663731303337
30363432343733366239313235613661616361366633383637306232663032333466353434643265
63356663663939313233623236663235656238383238376433313565326638303938353563323134
31356231626164313337366536383636316165633836306338643433623637373936643636306234
30353264363664373136353265363865376538383233633163623032343939303531613639333037
37316133616435653938663137326661633465383662393839303262626131616135323564356266
34663738316264396635316563646333623038393830633365363561373536656134633838306262
36646636643931366631663734636136636333663262323538326132353436333431373261376635
30616430663930623561613432323236626531666264306239613038386333663138303238396265
31393263346536373331346566633065323338616464636663623864353131666230653638636636
66666338383334323033396233393032316162373636666464363337663139386132306532303036
62326537666366363261303136653830303734663039373538396662343561306361323733333166
31623337323733643861643264323638366434373933653837313161663561613330386335353262
35303936333766643566393637313032356233376337373430383134383839643861666565646137
37303165373331633538326364393739393431633161303462353838366436393434313763353334
61666336363666356538653865303034386637396530316666623062376439653334663464386364
61313930306535303439366632636636653233656538353364386237646338633038363362306637
38353034636231333233633030636539303334626461373162333364376361363531373435373631
32383830623265633364623738323061643438353539316265616131376631383964653935333432
65386262626338376531343234326334323531646464313264633466366530303332346563623931
38643164653435343235343338393661306631646336636235376432646433376261386434336165
37653937313238633039363038653839653131363838643134326665363435323832313536636363
34653536323730353466313238343136656531363333333433643262633537303430623530613739
39376664336135393463336533646335656166376236353763333136633239393735376139626464
36313030313362633333366362653666383437613030393737623364393539333765303264363262
62393261656465376363393065373938353039346134303033323465366637383431353439643936
32323637356666346132346465313865656230656637343830313762613333333864343066353334
61336131383231333730396563633935663639366531653061623331333030343831376264303630
66633635383333323565326662666634363266373632323661303464313434646632623332323130
34396438396139386563643430626661636337306539303064356262666533646433653532643832
38353862656336333736663365383734316564326539336338333131643833633830653937316633
61666361346433323134626362386665663335303963386232323762656532393234386165366433
35643666373531653935313833396161306365343034643032393037666562313163643764326530
36393065353737323563666565396661333333333233396636313636303631336330316563636437
32343930326163373535303436656564333930653566333762623538633135633433633566643730
30633666613037303430643136323531643462326466636337353639333663393939356165303164
38383236613733653539383035633662343033306134373663393539323063376265643838653632
63353135313238633361386462303963313263363037306238383865323630366538363139333264
37636661636363653062623162323166346434363636326637376632326666646637376535313962
64396530353535326666346232613762343064653938333161303163316565653563336436643437
65663433333133626361393161653638383162343363353363356631333133373735393239653835
65393036376238326562373862393933383262626338346266666361393534326538666561643034
35663930633133613161366233653361383138663038353232353433373964653330336238646562
31363833393165653432636632323763396466373530623062343964393565613232666465393839
33656665643630633738653338653664643938646139396132393732666333333132383762386137
36366130316532333266633436626432343061633534633039373361626161383433353735393435
61343663636239653461306365643937653434616633613163303839623535386537386438363561
63333137616262666634616530383464386339373061613337386239626532356130653338373962
31316538353366613631373138653965333631623761396362393039346366383730333764666636
32633766666432633038383830396235393565373338363231333631663535653762353634386466
66306433363861616339316261303332653535383262383661383531663163663634313838636563
36666362643137316437333332333038343263353463656663393839663339643732656336306237
63646135623735623634333666393035636230366137346237306639316433333262393736653061
37646263313938613039326132326461386431363237613133643435303931636234396364363137
38643536613766363035646566356361376536313538613561363931386262383863613334623230
32643064396362356663383861663330343333653534393037353131303533656263316362393361
36623565636139333439306630396530633963633963323431303238326334613534346336396361
63366166303839373139383265333037396238386239376661396363623762343164616464323061
35636232366263396130636237343261663366336232363231353762653538353535653939353030
32373763316566636430653938663830636535396632326130353464616566656138663864616437
31396230633961633530326433623361373437393065376439623737646561646164353966643230
61366139643563613463383637396262643130663464326133613663623263383635363932353038
35386437396162313734353131626263383430343832353033333564393065613465
