$ANSIBLE_VAULT;1.1;AES256
39623735323234326666636135623032393566393863366134623332373338633166383930363736
3036376334636462613063366530616266383438646331630a313062346332393565623363633637
31313965623835666161363162333862323762373238356535666463316131303463343839356436
3830333066646631350a646365333236613333623238356462356662363634653533346230616262
38666662336232613237383362306138303134646230343238383763626261323764653537346236
39336465313363653733303137386333346164366534613263313137363239666636373561653662
35663739336230643261346233303135333565643737656231346635366337636631653064383231
39653234353462633838303433393864623235353630386636366139646437613137653066363835
63623231643333633562363132373731643763376435363438396437666462353264316132376265
64346233353961303663616633333436623366653663303632613935373238303237323563643432
62306530313336383536376637303731616138626563653939353033306166313234393235376535
33376431336531383930343164613734363662336362646262653765666166343539393866383962
39363366636461343164623365633839393237346139386261393739343936613739346635616264
37306233363737663937396137626134386637343839366262343466313030653333396332623265
30646133376638656161353330666137343030653862373638396332636634656531303931396532
39383035383233376233393865353938343238306537393466396438363635626132336233316662
30363461323964623033366334643934306433313164643065333461386435386636366163343135
33303137323130616131656664346566333165346539356134663338393139316635363962353439
33316564393963613832663738326536373530346238386364656466663564653039633162626135
30636365643631336134643063343136623136333138343561643138633066656532346361666636
33303262343863373830363666313662653466353265333565353739353939653865313435353563
37376236663639336237646263343333313630636164653933353562373836633633313139626664
63633565363866663638323264326361653030656233633438373834613035326462313634303238
64343439363333343263323138346534393533396263363836666335386332306137373561613361
34306464363039323835373139386564643332303463306239663237303961656238373965313735
3438373832383165653233373035623432306362303738626336
