$ANSIBLE_VAULT;1.1;AES256
66343964623962376363353439336162383264336464626334343838376461633438323835643462
3063303462663462666532393838313839373563643531640a386238616266326365363232633061
36643761393537356639623938613338616362663062613864633431663135653937323365643161
6333306434303235380a656665393566643062653538353962393861313439633832316631363238
30646534393633323263383462393532393131323335653764313363313032303064306237396339
38386263383635386666316361616237663635336530316132383934663162613066316433383234
65366665656234363564393738343064313734303130356464656463303632313362356236653136
65343836303861303333333733373237626664383366306136326333353061353430326165343233
63303262393631366231353063316366386538646534373938373663336235373730386362643761
38313533373164393565383136356134626165306134366537636430383239373533343933656339
66303431323036363432333762383834363663653033343837666233376664353766313437666339
39663966643537626437313763646139323138373336363436323437656263636630346562653337
61623834346237343632616461643837393261326239663565626562616661663761306563373539
61653634366664323833323532386461653961393366396538363433386562663661366338313965
32613936613964386563656662303439383534653435663430343265626466386435306465636463
61313265383732633464326330373063663438366436326339323130363530313435373738333634
39333933663536313734383130636465356435313439376330333662633162373535393861396538
33646632333935393032396561313861653234333039383037323931656266326536636230313834
33306531376261326336653334666131396565323634323063306138643563303535666434653063
37343961393864643564366132636131346135643738306430383732353230356233653961333038
35393338313464653166636535656330393635313739363637613637383566383231613461323663
63616237643564393736333935383436373261303935353330343533363534666336363365313436
65636438663761643135333634386335353138343233353333643937336138633630383731646366
35636630633235613665303436336264626666666264663961353432653663613262373434316532
32353037306639393638636663656565636262393630366138636432303864393337373966626461
65646239353339346339643436353332326232623436656263383637616563653533396163353165
32313932323737616336653132356566623232633435393639326133636538633135636664373065
65663662663534363337666231316233663134643661633963366361636136386633623063353533
31303336353137343735333531663532616361333933306665353830323535656436653363346531
36343766353339643831396435646562346365393032326365356539333731343363393737373462
65386338613036386339306439346262313164636437393832333764656134393965316139303666
39393338373065396563653033356135633033666332393461656566353238353133303463353664
35646465653635373461323238373733326338613465366165623335373533373231353163313464
63303464623562326130333931303165373862653135633262353330306265396633373436636635
37373930303932313765643032363038333663386539313636336266306132366633386134373530
34323062393461653231376232373365386631613261363933393665333236663732613135376233
30656564333238356630376262623864333035653034653662346334383264383830666630343932
64336165396266613063306531383561333730383135393838613531316333653231353436633633
33643233303463333238306231626339396266346634643635613534343835303230613931653632
37393739656530646434323265376539303866396139346134396432636430343834616133656365
62666639653062393931363561666664376638316162363037633833656637333639633437623634
35633964333338383539336134316665666231623434353636346138303835336532303035656463
39643363346538306432636630376136346639663665333861656163336461656332323963346263
61353235613231343231353137643534303838613931666431383134343530383838623765373938
39326132326563313334653932333039613230626466373333393162646662653263316238323036
61313032376438616234626231373165653962373863303636316536326561386235636136393763
34616666326233633032616631346565333339346266366362306633333439353466343634333436
38376238626662303436633732393838363933346661333437373638656362666333373634363064
33306330656338623835616636383362636634656466383531353062303934316637346463663438
34336230363830623139663234356163323536643330343765613661626630653335643235666436
33336466613461386635353061353434353233616162656666353334643733386239353036643862
64653439656436333665633063353738356536363637346561386664326530303730643661653961
32363965656431613364613163663364353163666631396232646231306134613130373861663836
31653962653736623436643465386163383139383161626337353135323561396664643037643861
37353538336537343165353934306138323465353566316538376661363139643032663166643832
39303436653736623532323736646338313666623563636637376564356132653836323133646434
61663537353162313866326539616433373837393630666430323933313861323061386362383631
66363064363231326635643235303166623330323032363932636365323138313230626465306631
31656431663662616433613865656266623438636131663364326366303732336638633032643164
62303063353938386630303332343965336564393730346337373432383138313961333636306265
64313065316339616566636361326534393765663932633364336538363739396464323966396265
36393962306462313935653735393735356666376531633337316431303135313665656332333236
33316536393438313064343337343666393739363866333961356437643834373365626562643863
36626263643762373733343134363061303630396431626538306537333934666431306438643032
37636433663536616239613736336335656661656233303564393132303163626231656164393434
39336462393836316538363065326238366631623666333235333335623762656639613763306566
39633137383462323431646230633666643464666330303865363565613563383266323435306538
30376266383764613564313130313461666161313939633633643632353565646438646234613165
63326139626437646664326138313736393165613663383037356130333135643033303730623233
37376231333430633731346661353136326137333333356166396365373461366265666138646338
34333535363061666638313436653265653237316565313839663164633936616162663034656139
33313239376337336330333732343462623932333739313564633162366430656435323063643737
66393230313062316632373865663862633036656135636538356338613030663132356636393332
31303466353364663638613761643437303663336636303730356361316438383862326664303833
34373938363336643935393861313461353034353537393837663032623661336136373534666561
64613533336630396334613763333866636537633061363835613635636337313034663336643234
30663937623562333334396334653962653164613237346436643535323832326564326139316430
38343163666339663839626336663161616364663431336166363036396435653061326630646264
65306437663330313831663733643439396537306331336666663431623432666232333830646264
30623663333633356562366333303339313466333337656631333864303863383765353232623637
35643661306638306538363462303831663339376333336262616631386166663934326639666438
65333532383235336434613931643834373637626162393435666336363138303061386134373736
36373161343765653562663861343939383733653366373164366361303866383161336235356532
32303934653036306564333236666264306263356263376135306233313332336434643037666363
38363930633635333638643733306664393734366661636238303334613733633439393338303963
38613131316338663663303439653165323935313935303762373730356434653936633839396633
39653962326563646163336663363233646664383463623965373433633963303933663030303861
38333634656132656333363039343639393661656463393139323837376563616136353838623930
39383064613534376464653566363734353236346463623036383936326235326632643564666335
39653363313739633463653362333231396664393464313031656232653435386536616631356230
30383232323139383535316633353036626336333934346662363064333930393835316239666339
31613663666131616639396135373666643733366466373834343539623734336330326234366538
30663465626133313130336337343739333764396636386661643363313563383130396237316234
36653834343835346564353566343034346161636534376364363661613130653735323636336633
66336134383530666263376134623832633232306662343331326133383763343333646661386337
65646239323266393966303566376163623831653161343761646262656537363466366138363036
33646432316364633862343631613135376562613838393362383461393363336466323733643139
34393130363734653164393732616261326333616462303439326663636336663366333237316163
39376464623930633466343232306538616165643461656334323935663537633539376362316365
34653634626462613462656465346365343933613966666539623733666161623531366364343232
35633632316232336361373736633236303934623035663862643964616664656438
