$ANSIBLE_VAULT;1.1;AES256
34396532643338343431303662633039616465656264656563323439613539393039626162633366
3536303031343437613438396531613736393430333834390a343135346464666531353535303966
39336438326437306564396464326231373633666661656534333438633066346461386233623661
3138373662323764370a633665343132323761353838366564303737326137303832333835366639
36303166353261666633396334313536663930363362313965356333643436323863613661623566
31363738303065323437383662353863623865613130306163396662393230376261666439373935
65393335373336313038393666356333306132333436633662313363336632343235666338653531
62653764353262626637623637323663636163393235366532376530656161396632643737636235
38613833353263656331343961343032326233633562336535613662393464303865646637623561
35636339336131626161643831396235316465376634306436383733323732663866363335656136
393062396439613532666636376539383939
