$ANSIBLE_VAULT;1.1;AES256
34646266663232373863643032613566303064353433613562626264346636316262333565626564
6136646339636633373065343461383338623963346535660a646431346566376262353165626264
61633265383930376566376634383563636261303830313564323033353130313635303565616361
3935663433313661300a316266313238323066623135646461616665616561343061343965323439
64323563623537326331393639393539663462653737656637313933613264613236333732386266
63633731626635623461363364666531313834393632386434626233306562653333306237656362
61316464366565383962373263353765373062333334323139663831353333316534646132633736
63346631666130346461666434643834336562613861666636616461323131663737646461343734
37653366326632383638626462323537316530386131663962353263373535313561346666333933
38656431313839316433623834633234653761626636383165623231313130353365653531633135
33323832356437303538353362643830626664316132353063616532346634333165613661303732
39613733343931393637373936343737643161393962343538316131636533306166666364613738
38363639623036393063393362386436636630353561333731363037343335633439346463653532
31643937626461613162643465373761373034363731633965393164333666323066623665663161
36636139643865626464396430383237653534386138623534353038663563366665646333336561
65636165646335346136376138626239333332613362396265623530643530356136343565363739
36313633366337643562363264373230636530386634623639656634383037333639326464393765
62666638616633623939623535363435393432336537306233646333316462623430336432636534
35313863646163663262353838393163326266363539623363653362353938306536663736626662
31333232306661353838343664326561393830383139623763393035663630333836616636653731
66643639653463356134326563666633326666303566613233346231336637396164353437303463
30653266303661373965313037336135373733623431623163363836666662323164376430653137
37373965333035336266303064343339363438343536343837316265636665653637303633363135
66343432356132613737333438336136643630343538666565393331656666356361303165653862
66393137646265363939623261346236616363373563626131373130613830643932376333636632
39343538333566366463383839383565333537663731643131343264333131343563616330313332
36623030633766633437666666383433626566623336346664383834343934313639343934306239
66396135326366393634356438376437323339363335663266643938303836656135353331636433
64636232646164646335303739333261613530393063663331316231383462636439386362623432
36643730623932653835353836616566666639376533646165646536653562663635333330346466
33646333323964333863323937323138343163343362623533336432356532383663623631393361
37353562326662633666393931636361353336663939663566343061646239303436343233363364
30346663333266333861346134373066336231333635353131326635303930396437306136333833
30643162373861366664666330303134336534333566643239643238653039313035623762663434
38653138333261306262333836666362343466626235353934613863643233313462646466653035
39363038623165363561313638653938653933373135646632383666323337393338326563346339
36653137623336396435386235393233643738653235323766346334616139316334613735663132
63353632326261393638393565373338393031366466616363303233303463613463356365396234
38386431393537656633306531396231363439613034333533653161656138386339303130353037
39373634646336336437323239363563393332613137623930356533363336393962313536616530
61613262336335646538363530373037653437346666356235333539643233363561666633393966
34666632306237343865653763613938313035373534306163343430333962333236613637366638
32303633326462356339353666613261353837316639346566663061363766396138343738386363
63323034323363396237623336306334386664373433616263626432653066373264633465653937
66316437633635343738663031623735343438643137643464336436623364346639383536653761
32353861653933333431643639333162363263346431393066383266313833373363643034623833
63323264313165656564666563343033396333306434323939653663363535336634646363316339
33663464396334366135396438653137633932333836653163656363373231633535386135616437
63626562326562363330313536643237656266623136373732626335343636313965373665366635
32656336363239353131663337616538613539626239383362313133353365363533353237383439
37363531366264383037623063653430626535303266646263393262346639393738653466623061
63396637393132396562343133656539333935323133643362313137323630326634616232633966
33653931316666373333383534346365326261616561383865393331646333636663393539393438
32373664393561363737363935393530633861646439306536386361323034346166656332623665
38623063393830623131363362336436356434356531396435363739653436396532326236623730
33376338323535373361313164623862326534656333666562653238383835333933636433333238
30353831663234656564623437363730326632396166363161386537303638373064636261313037
35373963636135636665346335323164633336316239646335376662326536316664633930373661
38623465313161363832393536636565336166313436643164626363633363613030326634656465
61663437653436393236613865343761343463386132626332356266633238653062626339346337
35356238386663633337373766323038376564346233646636383534383431303035613434653431
63356362633962333035363766653030373666346163636631633231343862633464636361363062
33313162616234653234323563313032633764613861303532633966393266643964346233653561
64303666346466633235386462303663383837373261356632306531333036336263633833656135
35386463323864363933346430383537356233643434366239623066333339623165633166313135
64646666663566333536656536663263363336626537643934306365363066343139653031656439
39616235396164393833626364326266316131343031306536643739666366653235646664306262
38326565366264613933343366323861643331626266613838643932336238356536333834396538
34663663643735613036383837616432666337353739316165666337373536376436613264316537
33343934333333373166363038656131653361333432316564303839616364656339353862643734
35343330346162383533656365633064373433383735356438346137346265313738633232336137
36356661613132613866663162366663633266373736636262653335656435383236373438396561
36373932383564393764643436333030386531663330336663306236323761386635393163343930
39383232393064633935303761366465326465656365363462666637643462306138613064336566
30303965663737636466636562386562613066373730636362343438383637356130363135353237
33653261356638393961646439643933313565626235376662323361336233316633336362336533
37666138323762313238393633353830386464393836376433623935313766623066303638363761
62626338393339646633656532616264326661313664313938326632366235343966353634313737
35316633663539376264653536613032313330613066356438396264623539363161643631306132
37343330336337386261396164303732383662663236326233623531663863316333646565643538
33356537343036323738633830666262326337656463353066656664646564343963303966663564
37353939303538326535626630396661333630656233623566626333653661363562346539393661
37343234306439383964653365363335356331363662663236663863393165643135633336306365
31376262373332653030343933383264336530336566363937353131323038323332373632626537
32313037306162633639646339656234613466613639306364656165343030643862633162613664
32356362646136353064383539306561373861653332363233646532666231396663306265396561
62313832356463636162353339373563353032356164396336343135646466303935663461636634
38666532343665396438373366373436376638643361346233326565623939623933373537656133
63636330343639333532613631373534306665326337343730633538373530666639633565333439
32366634643635306561663965633164383134616530376165313438353465363061386230613163
64363639366637313231383136646566656332353933366365653035366165613435663734346561
32333961386266313131656465383138623734393535326638393534303637303561643666363339
64633761636465653763666234366563643436636231663962323062663261363566396334326433
63386633343331366134306461623132646231303335633364623465306665303033386131333864
32303934343265313432323837356138363432623037356464333163336636373534303338623863
37363434313833376434636465613465643461356638353133626333333565383433626439353638
66623665353132383632343664643462616161333832616365623966363761643866303265336161
39356633303533363935613163396166666237313233646238633932313335316665643466646336
31643366373732623936666161653761303935626335636666656461643937613831346466323238
66633462316130396636643663623738306433346638393234323666303561353933356166316336
63333534396538316430353739366232306437656438633764633962373364613433393366643333
36376538636434633738336563633330323739633633376237323034636133346237316434656335
37393165626436383633653363663363326262393332303739323439636239363731353762623135
62613535616133616162336266636435316161396561623632366366383134323636346162313737
33633763636631326632343065323932303764633935323763346135383433636665643161636262
30633338323238396130666361363833646432386263363039646365333563396366623065303336
32353932363133386131663261633935633239346633396565306462373461636430323361653133
35346338643963653032306336616262376561343562363136383430646330356530363535316230
35623065383461346136633364376238323166353061653338646362333461616534333331656462
64616131623565373032376361636335316639386230383738323033616430356661306665383961
36663135306330626130623064376466663533386631666438353463613530643266306339303838
33303361333464303432623438363139646539393930383564356635633935646564323035373264
61316262396266666632663032306532303065313638333533616664393337363439363661613962
34643832636363343838646437353732646639376434333635626335643632333132373333396336
39303966366436326563343933326162396564383765313566363539626238396635356361356663
35306333643362383432613962316563633734623538356262626566356664653932306435353933
33396163646234633262643635663661326339386261303932393964666137653664303936626364
34663161393439376139303331363666373632303930373038626438663065633763663464376465
66396666386435663437623331653333363962373030386633316566366432383433643563313466
65313664653632373039313430373337616563333533336439376439303937356465396339626365
62383135323437333937666361633735333263393430396561633031393631306134313966623036
32393663656561663437313830306361303231663164616637373637386165643538303563636165
62353631336537373665343961666664306233623861346661643064316235656464626638633930
66316137653035343033306438323761663438373932313839643862306363336539323730303336
38646361623563346563323566353539323632616433356463326463336161366664303864633536
65356337363762336435303537636132663139326233313135356235336239383533663639626534
38393766616661623036363938353739636431333233376236356436633435303231313032396534
33326437666234646162356234303364633031663666356662643032663366356366393138306563
31333139653765616265666430323737653130393061313165386162616133633363373663623432
30346432363961363039366233343562386435636238353535616334323736373666393465373833
64396131356664366234333236383435633164636338343166633764333633336133366461366665
66333462323932663430313536363435393665373431636134663930636235656531343563633937
39643965643433396462336665323031316231396630343632623064663637376131396333646530
37643264666131356461303566646538353334356236633032333464306561633232343333653736
64613635633437613066353533343735353238643131646466306563326162643162333161373034
34626637623965636136303866333237623830316637666462623865373237333130633536653539
32353064666337346433313632326164303362646137663533643962613631633131626163653736
36333265306265343566666530363830643935303434366663613639666332656261643565653435
62373636356636393736383130643039666236316263333731323230333864343034323430323666
31326539633630313761363261346133363364303132663436646135336165316235363935376139
33366262323965373765346433396631646131663332336430376631353133633061343764643034
39663665386563326463303565303235626437636462346237393837356331383965303837663832
33616231633539363435366361346633333662666538666433363431623937316135333234393965
66656166623333353863626334333563336232663137633664376637393862393331306634376461
62613565623066303762306462393766636235653962656538313963333665373664323935633362
33356265623731376263393337306563326533633734663732303336366439636433356662633865
38356263623362386637323136626636313437336637616434373662363966316539343037643131
31653961386539306662396362613934373661653165666335346165643562376664343431363263
66636638663862353863323061626234343237636535613966376633383565376564366138373831
39633333373732393663346166353633333635343532623236326466653432663032383163326663
65653930323438666535613439393637623330643966346239306338636665326462616363383465
66653766626162303430363830383561653433306638616330343138303863333139366663613039
31393665656139373535343430336631623933646532633139333435303739313031303530386233
32303737613935373264363330356539346537663037323137623132323739333333346331346434
34343431316330343934663661663066366237656633646630353233626132666337376466303165
38623466643638646161316135336566616134666465323961333263616231346263633831363132
30336266376232326532373831626362343734306135623165383237396163623636623035623666
65623365653962323930346531343863613937303564656235306339316233633839383034636533
38363838663336653835623131616338326636323838386562616331346334353661363565313763
65356361656237626464323934346166323739323962643235633164323630616438303161643466
64346236343534646239333931323931393836376636613638613161366165373938343863313431
63623465343362343433343237643262656139326632343431636337613036643930356230326263
66646161656563656330343265373034383565643136393438633237636231666235373233663834
62613066653564356266353461303239396364396535666562396364656536646366383139633638
36386161656336356639646135653162616639623239333830353436373161376465636133396535
39316161353165323736313163656662373230323964353939323736643031363836626266326233
35623861396131656533613031363632343261346362663265323362313132376335326661633266
34346363336330393763306634646136336239303661646338666638646264336565313731376133
34636166373464343364303632386136636164643561383136333466363563386130366137633865
31343264356436323438353132326634656230613839613737303361643561623339386639626234
30343865653630343131613537626165623834356238336234656232626162303632393237306165
33636335336233656234383331666231633461386564333835306632373933366164383630663635
30316561363935303562393566366632353933616534333462353666613935343738383837393134
61383862666134663930616338393236623930303638663738313965633966393262373935653634
64323163633935336239383631376265623365316238363665343335373131646264323136323536
62613839316131386530333634326134373234353032366662333533613666346230633735363965
61386632386666393531666361393364316562303466343431623035383835666231636265623733
30383332353639663834316534643533646432653237303061666134643633343365346462373139
30353130633938653235323639623034333462666332326232393033373232383664633261313138
65316164393236626166326636623037643730643636336164656665313763613036373236363433
61383337313139316365356137393835363232363536353732323139636263383933653534313233
32616231333931653230653535626262373438613336306638316436643736326139393936616335
39303738666261393534616262626236636564376136323064323031373464396431303835643863
37333930306262383739353839656230303263343735303365616333616330386431646636376632
30303039393163333637623231626434373465643233666637363064383238666330653133663331
64636234346636323035333431666338303335373234663734326537616531336565363733386335
32386162613561323531383864323261636565393437393065626665643436353663343235356337
36306162333536346465666331363538343139623666393664663934623631623964656236313736
61303734643566313431393339356364633432613435373231646362386334306435666464396132
30613736373266353431313933353131353131313533653763373137623533326265303531666439
33666662636635663266663461656663643939363964396438333662643534396236366433616561
35386163643530626362313762636133303230306638346530653665356362353630653537636136
63363634633263613233333364353632623738653239343166306561393361393533663662343339
39633062616263303866623130653832356262623537303564626364383237646464333335313063
39323335663638383639356161623263623034313133623764623838333837366431646438623365
36386462653535616632663430613034633732623631356665646465653330343531663438396231
64393239333561633466396430323132663532373138656261343466383764643533376262353933
64333531393630396434323033626538666331396465353436313234386564633462353161353632
34613235643366633637626166313537326334356534366233633562376335346331316131666636
31336465386137376632663461363830663762396666326565393563353238356637636665623439
36316337303535623736356432623637313237613938643833626236663361353039623363363938
62313838353135623764316230626330616132653438663664336664376533373566656266326133
34356562313534323734346232346437386163313434363665303933306565386332636362356365
30303630636466663133663466366635633261633764303639333733383131373630633138666261
38383264646632333731623134383239316239663231613433653734303133303537333466376232
30373030326465383962303264633366623731356339363238333462633734386632393862356466
65656365646261363938666530376235373563636133346538353239376634313639376533333833
36333932316239313131383136653838373566656530383637623732623938653266373433323539
65653236356264306133613762376564613463613765663732346532623338323561663534393961
38396633623363643338633866326437333335336263656337333838373561333964383130626436
36363862393261376338666337643864373031356564363563666161396434323439396664323266
63373133303737336433626338326130626561646136353462363434306232636634633762613437
34393463393737656361336136386330623265323566383433646661666164613064386639346139
61303864303761636436363335373837653631633466356135373639343663623839363030363030
61306639353862313961386534346562383539333761303836346235653436343338393032343565
30633562353732333562326431306130303465616536383535646330393964333132366430363238
37336430656530643838363633366436323533383737633435386363303165376430313539346364
39623636383331656266376439326332316636623365623437326138663131633166653639643464
35316130393663343963363538656337373662363438333361363163326134306266373534353165
36656231306431653130333735666237306130323363333635393337373038323331336136333663
31646234653435373235396565623531303933656238663134396262356561363961303133643964
36633166663536613162646462326439633234616136626663383264623136333538633163343438
66396634333132636466653061656164303137323839366332636166336237353061643464626135
36613962623736613431373535343835303461643438363862303563396566656565383762303133
64363230663965373237363839633639613966393838386664616330303937623732363837366538
65383761643634633462373164323631333930356231316138636639343465353336633466323965
35386333313563613138326664666538356637356531363537393731343338336439666139643637
62343762633138643338393335353365613539663435346231306539643361376432323664366631
32623838333366326634333466326364393437393364636532336333383432306461336365613962
31383337353938616534333563326361613036303235323733663166633566333932323661313937
38353362363533383363633763303831656661373934323564303835306264633634653538346266
31336438336562386539323865353933636235383864383535343965316334323134653035653964
31343231366536303666393337646233323236393563663833636465346638376533666439353536
61396264363334366630353237353466306234346533313039323138393734653336656535613765
63346633336631656432636364333535363363336465343831653034303365313963663932373031
35333861346630396238613161366235343134663439343933353063306461386565313831643634
62336466356636666238326630346663613265346166303734383631626462386632663964316636
36353732396333626366396230333734393062653234666133633130323661376538383365666562
30663933343936643433363330323533613936653031386237363538623737393432613534663264
65363939306439346531343330376639393133376335396436363863613065653237386136646162
38316331323439343333623234393930646430343739613830313563336632356130323538383762
63336131636666383965653532343434613634323736323238336161336339656433333434366662
30653630653138656665316331313563393239623464643636336634396662633264643331386136
35643538653238363061653865353630613862376361333665363931356263613338623066323034
61366137656636383439323962666561623165356530363932363265396364343938616235326130
39323134353963646466613964323033323765623461333632346463343437333835306134613035
63393266346339633235313739323361396436396139376666633363663836343734613638323265
34373637326538353032333030343664313733373236306361396562633730373836396233373963
65343564356537343832393330346361323039356561643538316665656530653637666538363331
65316530346363393236343237303139356461373134653561316338633865643439333637323530
61303635383563633530376466613930353262346436383232636539643635613764393963366539
33633739353431356230346539303965613132353532356466336637626432313062353137393130
37376531656635663265343166643933393534373464633363633832633135333833636337323636
64313231656563626531376166663439663936663032376139623838616265653462656134336166
35336430393361616537366537663138656138333836613065383738643562663364633464383736
32333734653130373939396566323235326662336166323364623130356337303939383332333565
34366466323235343633336265366637323961363939366666393931393236383932646136613638
65303831383263366564323536323338333138373737333632396561373738333632366438616433
65313965336636386462343839666465666539336230326332393933306366616164336534663563
39373035333134313835346535323761616136396632363230366534356231303339376263633430
33313830336437373465356166363432306237633135646135393464393631653062326661613261
33373764386164623161633338636264393130633030316461613163663237666336623039363533
30633036633362666661383063393234303665663863313239373366633733363938323566313631
66316661356165306235613438336663656334616563333532363763303966613433346162643865
32393866663630333439323536613363613132356430343064356362336266376263666564383166
30353863333365353136393261396439326266633365363930636265316430613736386266363461
66653161353632663334616365646136633261366461373134663937623538366130616139646465
36666335663831656232653461623832643333316239303032643430326539663862326433633734
65303534303162653134303239613833326232643262303936363063616330363631646336373966
37366635333131323665666665353566316361663566663361356365353464386237373263303966
61323062333363613839323263373164373536396633303866646639663931656634396263623231
34356366396463313738393835316339383433383331376230613033633464646365376664373638
37666162623830626165386432336230323038316139633762613034323361346366313562643133
37366161326135363166623333633365633839366361313439396130313239626664633532646363
65633334323937383765373633323064666533303733363431313265623465316339373665346535
61303164353562326434346266333239313266653433353337356237383636313337316361323362
35663563363838383237316236363731656435616533343531323535336361326466366366313266
32633864393863336539363735626532623533363361396632626365666132653739313564623066
65303532363933626137353962353362653837646631303066323839326563656635656430343635
64346234396561356233613132653262313139356539353232316562633332623234333161643161
32646262356638343837636262313530663263646630336332653935303936353632393663616266
61666461306632313263663732373530373437386135316362313334333430383432636439376231
65613639643737623736633466313335666530393439633939633561386166363336343463633539
65316261613266376366656139663330366134656239376163633833633233666530623964633431
38623036643066393764393836313031393262396362633432366635333361356236313932663263
31656332643431663438646363316236316230356533653561623035343832616361386633663162
38306661623766346464396230333732323639613232336562613138633766353437353739393563
35316439343965366330333732646136343466373534666533376334373436653738356362383165
37663339396364666137623936626532366531653035306335353865646132633235633330373834
31303031373338303531306132313238656335646538393234396535346331353135333564636663
64396137623334633566353737643934666335373130636339363465626533663932386638663436
30323863383363363665333933636639356338343837393664353338363134316630396637353231
3461
