$ANSIBLE_VAULT;1.1;AES256
61336464346564656430663130363861623862623263343665323138343438363339313132626130
3638363438336633663664336130353434376164306338340a346465316263626566323530386664
37623834626163636235313963326630633438386232383661316462653033396331353237656233
6334336237313364640a663865616638396562373132303038623766386164313334336337623662
62336532346130353963363032356166616332333038653961393531373939316635353036396563
36623837383262363136633234313939333433616437636562323639326262353932613766303739
64333639613530613334363162363630333535353139396663636663386138336465303766373736
33616563643834633063656138303264353166343166373931356330613633303236336165643534
65393261373530303963346333306632356336386231656638386535353434376663363566383363
62366663313139356361346161333536353666373730386263313532336462626434323639343933
32386239656333633563393565386438646439343531303632343932613333356465303162323834
64663963343463643232393238646339396661393565356363333162383239643236626132353466
63316637393130343132653765303561633236613839633435343539653430356237363038633562
39623961633930633934383238623565326237386231333939633531613063626134313662653564
61336235316538393034616433663539323836646162336163343064613638633437653737653132
64373437663533643965636139333531313865376466303731376162333536383933643439393737
64613137393635393561663963313961356238376364343939393063343132313031616136306139
31336264323336653635376537396534323663346436326133313332303732636233663131376638
64363065313432313263323130633634663636666163376331653862393535363861373362363334
30393935383363663637633535666565356263303834323730343632316566363865373532386263
64333431326632383333393039356536363835623334646631323466323465343434666230393439
62623931643166623036626466323463313761373239646535613466616433656438396637616331
35353765323163666637663439316634663762653661616139323335333334323339363531316238
31366339383666393761616339306166666638653138346633663336313136633666356334663965
66316262353639346462626465353030373435666562613362623834646361346233653639306131
37303630343931383434613062363832343532343234653465353135303338383938363830393066
64313135323063343133646234386362343533313665353061663763353866663236366636373436
36376535323562383130393838383562336162636236326132363366626166303538356231323863
64363362353066663964336361323232366137356266313430643338613039616431623936326364
61393664633931616333626330663336383234303433373766633766336236343162363034396239
30633134616363333037333664323062323965636466356366353433343362666436383735373861
36353530383431376661623632393765323837306164636536633433653666656633613532353664
38373961373530346633656131323866613835353835303134323961316139333131366639623035
64336130616563326137343466326432313336383332353131383063396662356138393832346136
66313139333732386330353662336533376566633861396439383437303032313837376436643562
34626530323764346138343363353361616361353830366565643733323966323536616662346166
31653464356665616563376139383336363364643363633464323833306633353961363634336637
64613639653235613664313031643839346264656136373666326239396462393432386330343334
35346464633833623961396136643265633237346365653434613361393332363064353230623639
37376263323931643239613230373364396336636333386138376235613566346666343363643932
32333763623665656235376430356437353761663838666364333534383632373865663837643534
33393931303233663638626432623639376161646132356265323730356262356632373434326434
32633234333765303939333361323663353761653436303461303936636666386134656666366335
66313931626437626134636464386633373361653866393930616537333863363962646538663263
39306464626335386331393234643430613265663039616161363537383534633361646465316664
34303231333964356132313037363863303835623231353362306439313166373364396637383633
61323831306636643261613333636635613931643961646434353263613562306530303061633136
32343230346461653035626238333838663065336131383066666137663566323839633565393561
32393064613239393034613463373065373138666532653736393338343162633339383338653964
34653762316631373635323935313832643934626532386335343065313333633861623263306463
37376566333761666363323533383830386164336366653962336139336533383139323131613336
66303838623033376537613430316535313262656632646662383937633238613365353230373066
65306633313963326632313262343262383164396664376362646230613733653661323433373630
65363834313766363864383561333530343965643431313863343831346662333733663265613934
63313032636631303262316235366130333834343333383866653764353134613636613738326438
31373833393566353631356665336139633830323961383032666561353930376235326637326435
36343964313538636639643064616261353364353534653633376530663166663065623238313265
64626366326337316636306636386632616465626237383336623564363035623562646339386461
64373736623832353730333735643431386239376265643864613564383331346339323564393031
35313335386563366663363861353366356563623231653863383637386261326239326135353630
31323136386261313835356463343333316638613732393562343437346465623138636364663738
30363264663135343931666264613561393938666236353837613033343663633430653134643031
38643361393532353464306632383065393039323231636132343439383432656331303766623536
31313132366361643535353166313333633136663362353034366130336164353863376439393461
64653539653234323063346665646134373666373134323966626636623764386364373838323235
66373266643534626439326334333430663764656230326436333966623163396465616463376334
64393362343434333763376639313835643738623537333931306131613134663366396438346536
66383264373336373061653638633238653662663835643635366463363736653836663861633563
35353634333931363865386230613731323162363563386233303734383936396631636232353864
64666166646132643635643865613761336538343239663136663061326235613637636563313461
35613561373433353663396333323733336464326161656664653165613630663166316534303533
35323335323964383631626432316132616366616232376633633964623438376637633561386563
62373937313964663433363335303634613437303834393061386435326631353662663138653265
32363431366436666538303834353739346635316664356533313765613666656639383733656532
65663332396463663164356232383736373338363132633830613331306265653839653762326562
35383739396334353534626438326632373330363264643163396363306362666633353837656466
30653263326138313338353330356362613137613434363762376138313762363933643131613463
61633532616634313639313636333034323836323066626662623635366364663432356538393332
38653638313236656464386163616437623532626666653464316265643963653162353333623335
63616630313334323239306164666161353430326133333566363165376536363039313934343630
30383365303462663138343437353762323762623235626166353038383765636632626132386536
33346534383630373032383238646332643139386362373765633539653833653937616131656434
30303765353330393637343163333665326466336234633831656234353033323661653966316131
35306361366662326431663766656562656134343735666564616661656531393039313164316565
38363863316534306436393130393338653661626465383863326364353037373739363639386439
63316430656565613663343261363436363964326336303365323831343533373536356663373032
32633436336131333338633335626135303537616437303736323566386632333836623036316639
35656530666539323830623934643139393364353437343233316137373562316662643339386237
33383033666262316438313139633538653530363634303034363231663463633738396264623866
66353063616263346663346638616262653733393437343339393465343865656230373162356165
65656133373530383035386239306537373636303939343531613664313137306464356434343063
61653864666666313534343934323464393035326332393364633565396566353238656236333936
31636664633933633761383463343936626138663331653661376533653961653630656533653033
35396366376133306163346265383833653632666664346435653335343930396265616230373362
37383234343637393833306638393965313864643861333137646136666165383332306333333835
33343530376635316433643431646135343030373637653065363034633635626438656639313338
35393265653263313830396665653661333165663437356331356230613431343231666235323935
34386132333439313735353061666439333933353430626463313130376663383162393765663433
32306330313532376666626465336638353862396630636535633563356239656236363031373565
62643562383338343238386437656463626361643538626333333436366663323731303230396330
34333437326265613530616238356630396437373433616531326266646337383564323232646634
30346133326365373430363166383930343762376136383864653335323137303266313034353339
38376539363234346137393666323939643137653932323532313331313131373166363935656463
61336135643262373738383862643635663234633566386164333862373736313333303765333633
65393966643564653631316362303065383666613563626339316539343530653733623634316461
33633739326135336635623131336561326235313465326662343230336330363837643231393264
33343731376534636132663161386238336663666633353263316164653432623535356164373732
66366136366637303266353935326364353661393037326237386233623232346331336564623661
61363561306334343339366134663434626234613763623930313163383639636631643665633366
33353835666562303032303935323137333564346339396534666662373262316338393565393035
37373865616265383735303866646134393533383937666633366262646565313061663132303365
34613936393930303265646137336331633230636537393664326132363335353939656333326463
64376335623434626433623066613635353262316139303334393532316261633630343065396439
63303130333163383364366566376564376565643332643637366363383339363335303332623666
31376135663335666338326437656230396464356635316136656566313364393561626537613137
33666435336465386135666531376365636134346436356364336463613662396465396231303336
32623535363564656465343839333130663039616135323162393130643236613630306563306566
36303136396566393662663661393132613136383837623336653963643665303036666464613833
66363964386437393938663830333630323231333631653364373564396234623237646338623032
36663532396138653036376131313866333434636562616334616430396431323531363165303365
35643761346138333035653264323130663533633830393634373961616664666663623938656238
66393065323033313739646538356433663235666537323335663061333237646637666365646236
62396366383135333231356664666134303632376366303565653738306564633363613766333630
37663739346139373463
