$ANSIBLE_VAULT;1.1;AES256
31353835336665356436656537386463366230376630613464643034323537626630326563616161
3234326137343139386532653461353934356363626363360a646266613434623039383164303033
39363663616364616333343364336534396137613439356662633534376637386630376366653964
3966326131636665630a393932626663333636336436343834353133393937326231313462663336
61326465323463643235323734616361356233643838616135303935393337323132633766366631
35336135353263396665323563366636613162386536613231363937393836646433663961356130
34666136396562336631383636313938643237636233346163313136393161316466313633616231
37326266386632363537623938366265656436386165346138623233393630643438316530616339
65373864623939346234343331346238643166383365303165313536393164616431313734636664
37303962356261313235366536353164336639383535353935656433376131623032346532373738
31373133653866313034356438333434616465313237386364343261306561396364326561623731
30303532393662363066353538343432383264613239643666616463346166613638643332396231
65643262383563366334316439623164316264313237323434366132613231313361663535303732
38386331343532393665626662386235646238336461316237636136326131646531316466636665
39326235316537323566363262333938323135653333643431373535316532373736643331613463
30633561623664313832336561386362383864386230386430633230326137613139656338663537
66333265306433353534653931373637356139333537333331323561303165343439393362663435
31303733613464626365623933663461346331316430353862306331363734333435343764656330
33626563373336656563616139336365383532653864326563313333353835666632633162343239
35313665343633333338356235636133353931333239356436323964393438366362363435613830
62636439346266306163346165343139656264643263653065306436316265646661636533636434
64333432363130343333303731373030323261373537663262616432613164366161313464656438
63303366383765373262356666373362653933653532323864386233626633356434656436303135
36373030646566633965306630323133346538326138626565393761323464663239663837643837
65306438363032343838356631313733373965383263613832633036666465643631303663613263
32303963306362393036363463323936633066376530383733323133646631346630353232333530
65666339313835323034303666373062626338613634663239336262643239343764643663346139
61653037323137306134353137346562353333623062623164623961643039613363383464653031
37663966323939343930313930333333666264353130353664366361616334353138666637626632
61363235366138393738316563393363383232373533653365333337656665636439363564326234
376661316662343265633238616130633737
