$ANSIBLE_VAULT;1.1;AES256
32353837333834666161343466326430643931343665623236306136336331616232636161333034
3836396661643262653965343665656431633061323531390a646462303464653066653632616464
63376133656434653532613766636531626564373233313164643037303231656261633461643264
3164613666306439310a643162633966626562663264343062616465323661363639333365643061
32633462363062313732643631666232656566643465313736663065363161653865323864323064
66643138663663353565363835306361646533376338376564633230663830313435306639366463
30653534653064303961383432316162633534306139333630623463393331623837333533343632
35396135393365623962663863313339636563633963636134633666336463653831376365356263
35656366646631623363333833623764313062303166626661626233333839336163393564383762
39363963396632386131353639316235353636306164373531613632656436616161666637373133
62613532653362623464656132383961313937643630303165326337663431363065336465663865
32323738656435623237373436386632303661663966613864623464663239303135336665633464
34323763643562303430333662663766313764336163383635343461366663616261316536356562
66323262323937343265313961393263646336666663376163633436373965363065333264366534
64616438363662306236636661633962326264653930383565313135363135656438393561373863
33626335316534333938623438323665336232366237303434656365373536613664656332656539
38613538353738396332623336323832653761393739313430333438356161303438386639383762
65326464356266623031323765643235353233313764326336303862633266343431396334393063
64386632376466353536316664396539613233376432326139376333663938393364376462303733
36323263663534323664623534313066663432643262373465373031613961393866356634653839
38313930353463613832303133393537613338323633666431356162343661623737626436366362
30633437363665333262616263303432353531633664336365653361313835653033373963393336
30373866636366356262353832313734663638643366353031613436323033653666366563313036
61396237326236393334363432386331316133623938663530613337303033393736653331346164
31613233306639336430633130383064313737653537653032326665373566366262303235396235
61623966383636316338656636663763643134376561623865333333333736303066353262303433
31633239653266346633343366383761386664366161343135636339666232633861386534643562
32346266396136333735316335346437663565386436663366343737656437333839336365373338
34663639396535383666363530636439363030336462623732376130646261363436656331366636
62353532313632323764313538323362653461623538623564303035613463353031343531343934
61393362323637326230646239643162623831643966613839313733356135653730313061626131
32376663303063343131333961303434646461616262343163636461646637363630616439363031
61386563643736376636333830366439383937326438633466393335356539353133626635663666
37376333663566356663653734383831363734343330383763303830613530383161366564626264
34666363663335326333323034313163613036313864376362316638633237313339613439653332
34626631623432376536306437356138396230643461386230656339666363356465373233363839
63633539303436303436386265393634306362376365346162386539653335353665323835353739
64663464313033373436633231663764386533333561613138613832663333623064666335616464
36663432663262316162356161333437306333383735653131346162633233383730363038356532
36633866313038373434663831653235356461623765343533666231653939633661346439613036
35623161636334313531663533356465366538333530343939626266636332646532393364363339
36666638613265613962643563303833386339663432366563666362363162343536336464383037
35383563623636313532663033356266383666653862653739323765656162633162636461636638
66363733633538666635
