$ANSIBLE_VAULT;1.1;AES256
38386338623064356464386365383966386562306232626263356331376237333531306137636334
3738633761333433333865646535633335666466383732310a636264656530623834646632323530
36343131346638623532383534393732666433343162383638343732646663356530386237343661
3732336230653564630a366364616435656361326131323236333231313032633931343062323633
37333733373836353964616433393037636437666262666261303663326130626166626637643133
63333633383339643231383462353762636464653737623435636432346536366266623036343966
66316666363938343830333638386330383561333935306134623237383465316133353037363433
36326466663138333033343166323432656639643039386636643635636530306139393339316138
33383738363463326564626232346234316166313561313664373230336433373665363366386332
37303263363932633737383636636435306461643039303630643335383738646236316364653039
66336231303134323963663639386231623738363863663662363765623638653233646334323161
38393630376639636138313138656335396434626637373932346564363831323731663962396364
64366333306631343237643464353630643730366664383864326636353637396531326464323338
63353939383262353364393061346338303138646439666263386461363438646132623339366137
38656165643734356437376436353734636130356366376663346165336637633364613262643137
39363036383737346330336330643936636134333234396130313136313065383238383561623366
34623862393266376432663431633665626539616434353533313133306465366536383362396561
39323030616562396166636235666139653333646565333266396532393166313838363436623965
39663237616137353731383434316334626434636262633935663532376538303766363633356130
34316236376636366164393738633432306334373731306239376161643037663039633339616436
37633435353630373433633634313738316461313537386536663436383638313163326432643966
66646437303634383532373935333265363136346462336361363133623635333132303436316564
66636262613733643031643430333933666665383936386435353162313237613632373835333064
61383539656364383963393939626539636535663637373433643532393338386161343231356161
61333230393636363731366531626361633538616530386362646232626230306263656237313063
64363731346539383738343434326162356435336564333335623639346631363631313866346364
61363233626236396533666331306331393136386564313536383239303062303532383231363535
65383633386233346438623737613066336563613537373338343532373061333263623666316366
32316630623861333237343837373930666363363536663962393537373533326261613134373166
39666564313433616566636163336637303663666536626337393733313963393535393863303839
33336635666265613831353839336561356230303331616531383264303263336230646262303161
33313438383233323332303961663137633831343037663039346530626562363032336232323330
36623038356430386438313565366663356236633139346163663363366536373666636466636236
63336661353036323130333738323031663731313130313331363463373435313234376135333837
66383937373234326663343837616465333566626663653338323235383839363331646330383937
35343563616634373661346239343065333435373135633061643065656232396663353761663038
37663838363933303264353737366262376637333362613065343434343535333661613130653534
3932353733316165323764636133333662373532646562303237
