$ANSIBLE_VAULT;1.1;AES256
39356533306130366432376236383932393664373938343936656261356430613462303066316137
3536313532353035653361313732343831373838363665320a316361356530656231303464386135
63623135333934343636653636656563343965313165343031383165323039626238626264633763
3463333936393964330a323537316238336633623538306161373531353263376562646163356330
31393865386231633930366163386131653235643231373932333464613933303861316466333631
61373437396536313735343034643037313036626634646330653634643736383761323963383366
30323066316130313731353633353534636463653436383433346130326233303565396631353133
34306535396461366138613033616333383335623734623037333230376463663764336435386231
61313638323139386236346537646361313338666239393133653530646661383261346536363866
30393864613031336330353161363230626331643463633434386231396630613238393634653432
61656661333630656131346435333136643562356166313238626162323039646536363932306637
61646631366432636430373937616161313335363234316139646562633039613234663430383161
34633838653439636130393331663532616266363930663661623338316139316334376136343464
39643632623534303031396631643639613064626535633134353563393336646630616531343361
65326165346639613364623064363233613838356465613765323865313635623935363462643338
33373435626330343964343430343362343937326135383539323831313462653434363062303930
65356635393736313462303038366664646664356437633461323836646133333865363565363131
64346535306635383031656237643533363330626164373665663861393264343665333332313335
38363030356164303135373339643763396561386637393330646134636635343232323036643030
37623530343463323462666231393838303332363636386130346536623864616363383236303837
66356464343237333932316565643965663939393134356666316266333936633031663664383736
64383234653835333730646139383265333366636532616339616236633739626230383139623932
31376536303264666631396438643964373431333737363236386332313231363130323237626562
64343263383534373931363564336563633033353632333834626664306130393434346132326566
31303132363861656136316236323038386433383936633234326161353034663431316464636166
33623463373662623838326633656161616665393736623833343930643732316435336436663361
33623131323230306662666161366533333039343637323433343362633234333266613839636231
33663965303163643163313535353831356636333231363131653730313166383266313533613961
38356637633666646664623663663762323433326534663563613838613833653036383230376461
34653931356462363932303539306238386339356431356430646630393765323139643266623762
36666163653530656636626531313334663438626565356262316364373462313761373166663966
39646263366637313231643461646533656463393137396633313166653931353263343437316163
64376433376332363466363361323539643061663863333866353762636634393930366136326635
38336636336662393133343564393535613434303666613937363738626430366235643131616330
66303435383736313363333736303835326435633235303630363830646462666533636462376633
64643965653466303631383964343232643935386237356434646132613134373134393738313565
61356631316263663762396266356664303966383266363230313637366534383738336461636164
65386566393864653862626265646162613538316664383931343438346137333834623839303434
39343365303739316333373261616162346439393334633133373866636230333163396432393332
66653134383064383937306265316130623937636164333863336264366231633436633834346431
38326431353532633730633735303761646438316263653230616234613734303830303861616262
34616231663931636138313230393637383631633363326261373735353265326632633437323634
61373963393366363134393162353534373833383563366333633363333333656663363539366136
38323765366631323164383461346561646162386264393261366238643161396663656662353765
64393165396433626530313439613138393661336366363564366437626537663536383935636131
61343539313362393838333561613139616130313166663530363033383163633536353634663438
38343536623562356263373662353063353561623563633539363961393761623932356663323738
65666433333836333363613138306462396463666265633736383137323536386233643131616437
66616238383964636131616333356566346162393131336230643836376634326662636265326535
39343565323130343035326536666136313336633462326531373861666637623933336535376133
35356564613761616264373634633732646566316638323865353239373766393666386366383536
66326663393066616637313666323464303765313863356636623165303731383433646435353864
39316263386232373836653061663065343131326538383630303361363161666532376262633131
37626462393166316539366163393831316164616635643232373439626333393138386131646464
33323736386538656131356161316232666232313338623461633966633634353735643963366438
33306632313434363637346633336634336537366663303265663830643133343739646166623832
66363261333331616539316533386637343161643639653638313465366439323861316232316332
66623530353031633939346365336361653139313165646437653264343035366462366466643666
36356664363063623666363239343932633537656534313064636232336664613566633434306335
38303366386662623830663436343038343262346238643939633732373433643566313732353135
33373037623065383166373437343361306235666536303531623537336236636339653235616339
36613666626439633261643166336663376264653338666438333838643230303365323134366338
63333131353766643438386163643233643231353464363663356231343432366634383538386463
31663865356166613930376639643338366632616264313230383333376562323463623935633936
32323862313561356335323963346437346435633538373761393761303566663231393062633634
38303530643739313865666236306339643362303662333139316436626134376330663434663431
66373232646665373964363331373536636133373838303034633639623934643037323266363230
35363961396338353661613336373039396535323666656535666164613562353361353665643862
39666235346161323364623730326363363166376533643662646234366566633338376132623336
37313239306463323465613633313330353537333537656138396337613962376137343166303030
31393162653133663636393064346331366631353937356435323830356238666135313335646231
37363861323234663765353430386262343064313261626232393334313639333233313661396562
65323161636235623366663434313531303131643536653430663636376162393735663431626536
35613864346231386539633634356637373462663166653733656238393633346132626535666134
65366338313231363961303531623436323665333437656435373532316338623733653838643139
35613637303836353637323161656134306262373730306561633463316637363436343030656233
36643564653630356530326165663137363537653731396635366238623337343463316630626339
35653663343538363363653362333864383663643337663536333436623331396264343764333338
62613038646639363033636161623538346438656334633139373439333938306234326635326365
36313530373065303939393035653437373832633064363536653166303039303934316138363066
61333531643238363864643538633639626231396338626631363264376437346535663736656361
39643933326530613363353135383239306334363636613862396537306130336436346233373333
33623762386563303763663831376530373339656364383234646362343264386630333862346230
32666636663266386163613761636338393334326138383863656132373731333635373865336666
6334
