$ANSIBLE_VAULT;1.1;AES256
38303561333235373837643763333836616163666635303863633733323266343965353533323534
3936313533333163646436396663623037363232336634610a643531626661333962666438366539
61353561353131633839346238306337343930356136323839376538666332323430396665323333
6436333134643062380a303232383933373236663965653165666234356365303635396634336264
30646436393834646535343034343539303431353339636339616633323262386532626532386366
34626635613936623738336131353630346431346561353732383939353039343639636436303136
64653739373264613163623436653634313061616532333330666563316138616163326239333938
38323039353637343730623064323264643330303333303061313935343036313735633233666635
39623832393061313538646233383763633437333630623166656136376363626266643636393439
61633766373535393861356463303465363732373536323334366431366535613637316430363464
35313634653662336237303038396238306339306161396136376565373063323739346364646661
36366563633337346433326231333866366635303438333439343339346366303261353932656330
33343930613738623738343661396237306566366262613361646663316331633566326531346162
66393739633337666361343739333764313739666565666263366531313431333865326332396638
36396639373930613133336162653230343836323436643639656164373430343562613431366463
32313734313163303361616635323664643663396463656364636539646230646263326537326363
31323463356630393031663863666166373962316264323561616636626436633564356266366130
31656239616437376361616564396433653163623233346438383632306262613761643062333863
34353263366564393331616165326638373338626361336563333332623234616233333466656561
38353935343064383233653038336435316161373761303161343563353763393837643661383965
39353562626161323939393165316337393437356362643863383863336437613632393662613164
62666337626138663832656162666262346634336666313136316564366237333432616532333235
66646566333035343534633735656433646261353163363163313932623037663536376634366136
30313461633437383438373661323731393835653866616230323561343634323839623535353036
62306632633138356531666163303834396564616532636534616564353930303036343039313461
63396233643964373830373733303530373261336462343737323239383431303730326534663436
32323035376635663931613963303831656166313233663566326264386631343561333536303639
37303931363134336337623835393938663931656366623331346166393935366532396362336531
61383965363836663630663166363363313066323637363065333436636233316132336561393164
37346662613735666165366233333662376638623362363030353139326135613966656534396534
66643366353331323331656534643035646663636439663836613936386563383564656632353036
62353562656633336466353632323138356630303130653264633332386637626462376136313233
66373633653038663135373135663961303165333831333161623366323633613365353661383761
63316537666130623832336234323334376565336663646335623434356534363066343837346435
65333464366637333762373533373865663332663161333561373662336431386633376461653838
64363138313438336235633439383661643731373966663633663964636235326335333433333137
37666263323035333962336666336361333838373433646532306465646436336261313066323934
32633764663235373130653737616261353630656265373963656231393866373235316564623039
35666536653831633662346131363130333761666539393338346335303638626666316139616230
65636530326637366165646637326134666566363662633934333930383636613039323064383430
65613733646339336233636338393538356235306632623034643365386434613061386561613665
62666462383866366464303737626130663865323466383738633633343062373061633165386461
35346135613337626461343033363465616531333064343235356636613233643231366266656130
30373435333833383534333134396232643737343630353936383132366364626132323963373862
66306364366433323365303766643337383438376235373939393162663633336139343333343334
63343938323233663930613833633663633236396366333833663538373735366566323534656561
61646432343932343137333532636631636665613762666334636265356162613365306661306266
32613435316533383864366538623431616466373566646263313937393262333732396236393633
34313431646438353638623566366162646231386330623538656633353530373833653736636665
37613665326464613633303861393934643032663439343736663038623461633062346133633737
34336539376532633364356439613636303365643736326631616530313935313865633363396363
62653334366663613064316665653165363263613666366163623166356236393935393534633332
34323964306232303130643166626563393338323134636363666239393036383239336235383631
33366133613066326431303963613934323230613732326439363738646537323135396262343834
64343634313036363261656433373061653365326530373833383532333365326466636537346136
33373662663565613762653938353936633665633338666435616530646162633463326233333966
30386238323465313861376164653433323366366530323835323566393863363163336439663831
34326263303437666237373036663063316232373562393566313231663630383561366333656365
35356132646666313562313934373666386635653632323739346161306538316235663637623465
30653932636530666564363634386262666330613235366636393931636339656165356564313030
63313231383661393363663462333465353035346264323664383032306338363862646133633730
31316236373135613337373663666566303962626262363565633435613663666435356465633839
30353737326334653835656437363432626364663935376639323238393735323162323533333765
31346637653036303066346438656633353761313630353365393765656161343961396334626163
38313039323231383836393931343861376537303064663166343463303437613066663863636337
65326363656436633066393561363938346162616138366231613663386336363762373032666334
35666666316636316561306239326162363431656463663164663435323036326436316564653437
33656435633566336463616135633630663661316161366433636461653461323338653261653837
36636632323766346163303137643638656337646562303437303933316439646366366539313531
34636434393362363965636434336266353064396166326163323030643862343363626565623466
64343862613032373330323265316262616232636434653963373131626334376136633035333335
35383438346465666538326164366466373033363831303061333663663862663437343665383866
36653533633335623661306534633339653036396666306461616665616661393564623733666264
37363833393735336239656361356439376563393336373133366664613365336366313530613966
35646666346130353638333363666338663830323366323234643239343065616461616238316337
39303831616565373632393736613462643465363732316335636335643236323633316332353066
37383439663162393338666630663334386562373065383531346162313563383562333763326635
35383362303136336665383636363637386563646238323930653861656339646133386130633833
37636161643233396333616165303931613938316238396633313437353865383932353065376262
32656363623631646630376133616463396535396632343635376139623134346664653130313065
65343032313661663138313231376634396634326636386137643835333538626639343364323265
66383735393063353431323763393537323532353530376331653837616137323832633464663036
37346538373135303137663034366535616162353762396366393734393136666336616435656464
61393530393737323665346131303631363237373038373938303162636666623934636265316331
62313431663236626662633239613231323837356333326136363961313764363434386565336363
32643338343038663934323131663934363161313532633763313262623264663966386661643635
32306235386463613232326439373137313630336432396565643064383664623262656638386166
37333137613738656538373534343138386537376162353933346538623038663130393333363533
30393162343863616266333738313363626463346535353332653932376238353034356530636365
30386161373939376361393462386339643233646636306230363765346661323533323338633835
34653462663531353530383537313763306334313639636166393363633739383539343664626337
65313066323931396434323965336164656435386462623838343736343363663562623965396464
37313335316334363161326138326632363366323463616662363635373739346538663932333363
30313161626462346531613763643664663466653631666465636431306463383766373562626463
33373430623331376634643566613636646236343834653530333034313239303133306664363936
65363535393563363239313062363336353933373666636234653933343139616263353637663534
36386431656161306634383665373163366263643732663432646532356535303535346663316637
34303266393338373838393538303732383430336434636632613236626466346431343231373837
38633138626466373963376662666365343230626463373565333765613938616630356334393663
63633462666137663335376338646432396566633631373931616133363962656633323630326165
36393664353137373363386166373136303431366164343031666235393438393563646134636265
65613464363165366231393338396438363361383137393337393334663065386533666131623137
66353834663739626132313864346230636330613963353461376365663064363632313031656162
34656232636262616132303666316530333239356232623064656632333366363461623236383730
63366532636336616666386331613361656533633266343064623131303666633638376239343039
36663564323633386538376334383138303330616339623936663036383666346161396434323035
65363534623564386430396563383738623663363237383339636265373164393135643538613735
30383165643236346630396233636231323331393338643862653962646535306561656437383632
66393233336238383532353364656138386533303035316435386261326564333565393166303933
36356338386463363964326530306262386663396162613161616632383663316463343338376162
34303636666337373835323463313230386437323138333133346635363737303236623133333435
66316664623231366232383731303631333761373930313339646666383434643336613735393663
38383662393663313431333366326461393130616335386661356437373530346562396535303562
61326539646134376563386530386661313732303739636437396536613335356431313365663937
62383835363533366466336161646632363761366439303233663266666631663865323866396564
39333535383565616162666335366436343564363831366431623464376463326334333566316236
33613233346266313536643363346264383039303366383733623764363332326362346565343633
63666339306561373136643864376436656638666532613764356633313234636364353038663962
63353834306331656431346363373965333635666231376138636561383331323232393533373837
62353035653861373064393165336533356234346466343466373466366135323832626534323462
36343238623131643937333936643434303462326162653637616637633766346162653864323039
37663732613534383531373063303833626565333961346262323332623763303464666135613339
35316336353732353837613330396531363734356435323937643038633365333565343739396535
64326566653234393938373265636562323137313830323161396631326533643664393730393062
33363537343630333939643032653036323630393437363531326363633133353965653832643133
37383430646465326561633931373637343963373636633231646166653836643665303639396264
62366461386637633962613663333139373761363366616136386665366262306665663961653037
36353131366532343066613230663265353137383566656232373031393161613735313530623131
66363566393233653131356136343835386538626437663534356439646232666430396130386363
35363537643035343732663666656635383734643637623939396532303831343632383238643033
37313835386337623731656438646431653232363831396639326537653465306131636662366334
34643332363739346538316433323264333163363139643237356430333864326234663164323263
39306566353066316563633362396164646630633739383662303933326662626164306535326362
63356466343038616539373064666263313037376564313139393236343030633835356438383137
65393130663837333435616465663931333665353563396336663337626463643132316661656639
64663530663137303630363239383232316632643631663335393732396238333835623038383633
64643766643863366236326664623865306439303931353436383830626636636262373063643132
33303562636364366433643833313437333563363538663264646134653961643831363932303662
33616463613036343531323363643937383963613336393734373839316630336463363033633130
65613432346630636634313536613766383232643961383632663864313439626439343865636434
66633465333764313639373437353332613834303033393063666532303638386130393962656137
38386364383137636534643838346237623939393363646562333033656331646539303337343132
33643861363937333662313439353861613764383730653332366633663263303638616438326662
64333265656564656338653037343961393865656634353434383765363030383465326462623839
65386536313635313762323131646663373431356430333731616432393264366638306638613831
66643234353236346537393933656439366435386162393030383963623234373136393863633631
33643561616565373530336131323866616336643466336538363733336433363763643964336435
64336365633361366630396130653735623139623866353035336333313461326633663561396531
62306264323535643538643334636435636463623836343461636333646164393736646664333238
31656139653363336464383764303839373763623236333332373032376466666361333761343664
35346336663533356362613664623330363736323465343763623930316564313139396433653063
61343865383533383639636461383766333637623934643033306533666630396461323733386662
61306435633233636232623931643361333064343037326636333738616461623336333035373464
62663830326239343333396263666565633162646462656164616334356438393334646461643432
63366462663733366639373365396164656636643761633332343035343066343339363332626537
63346566333463333938313232643264356637656231663561383530356232633934333233633032
37303437646664393661353538353038623066633864323739633932393132336134383636633236
63623166326433626162376137323765363866393566383237313032306664643735316433336632
66626138303939633234306432383037353461376431393637626561623763373563613234303234
61386130313566623531323532623264353638316139616138393636623864373564333835386463
61643666346339326539313032636531653435333539663763646233636662396435303966366533
32323334336236333462396632626130303937306632333239633564353262386333346666616530
66616630656639613331306335616336643738306238633331646233326634356663623563366333
64333632643539613139346239396637373434323133303936663835613931363633366434666139
34383531363132343633313833326232373734343661303235346238353964623538366130346463
36653066643436316331363431306461656632653731323633646533396365316137343037303836
38373232396262323134353434363166643466623334653435626563666238636666663436303138
35666435346364303032656537373038383463373065636664643735396361353365396632336463
61636339383231623564313737333362663634616535336237656638336466346564646331623337
66373630326538653835626632393363313930356161363636356165633861396139366561306533
62663437643764313165393931366662643662326463323362333066633335646537396466643164
37313833346465633837356237346334316235313464306562313637666366393136306438373666
31616566353134653765306565613830386565616665303037396464666332616536376461633631
66363462306364633634316562383566383333373633653336383162626538326230386433303966
33666132396562383830396631666531303337396335303062333433316636626635393964366137
62343465363063376539336238343438383933653264346165303334356466366433356431396537
35613133386439616634376639623630306132303632363862613833626436323633393431356630
64333331346436303139303530653362343635393536366331353663343039383533623238386534
63383837656166393334616432646362613566666431373839633761393761313237373531653733
65373132376163663339303036393039336232343265333964353230373630326464326163316539
38393436353164393861656331313037333236623536323765613465363562633763366132643232
62313039343834383164636166343134363831336633326466656631363531656563643035366364
33393231313761616134383765306438393034613262363934656461363131666139376239383434
35343664666266393536393535383035323533396364366632383935343235653739616132636262
37643831636230333532623962363863363737333865613339336533313033633530396266376134
37613766343862323436646466383965313833363833316533316661336431333838383034363532
32343439646264393233613230313736346537326262376339396264646437643739386666313036
33336561313565383630336366363032346533643262646534376161373137356434383239306161
35613931376434633530393735353338323739383166323063393534636462366635623361393436
37313737333134656433653066393335643630366366633134323161306265653230386536613232
65383962373930326136396133663261653332346231333362646430656161663438666664383266
63366366313961633263643739303533313736626161633032383832343933356232616430333662
63613063633632373438316237613933363461636663346637666466653334313633306462646639
61333835356535313739383263623230663565626531396265323031343435656436383631343030
31383631666438313332366534633138653633333836333134316262333462346335633731306263
66353732623063376263336637316634373163386333383562356134376566633764666262616531
35393636626564363334643139363561373636363732616466623131393835626463323536646233
39376639396632313733666538386465343865383336343333663337333639643562636435376463
39666663373436613032353965653338613764633262356235663266636339633031333363653462
65326533336639356539363630363637636561383166636565383865623264376138383731633561
32346666633531303066303431333465353566303930393835323433313136383763333163323665
34663864623266376139373935623261383837366131366363333466363362616666613431393734
37306135333261373366303336386134303566383865653939613461616363666138393336663631
38353965313164643730663665616439336632653238303335343233363733346530393766303334
34373432313931393232313661376638616538633135666332636236663533383463
