$ANSIBLE_VAULT;1.1;AES256
30643338383036373337656463626532383436356362366236663737313633336265353538636231
3039343162633430363463386564633030313165613835320a336661666261323863656430616263
34636333346462613737663834653263353433646166633865323532353330633435313237336432
6630633566383636650a306536336632306132306639323965656631346633316238303632336362
63363735386338303136346136306536666231666562343435376664383461306261306536653933
65303466353833306166663366623538303462383036386137326533313866326265376461336663
31373835666661323837313236663365336535616634376566383866393266313861303534306261
39386633633435393732666165323137633231353363393430366332356232363866663135313631
63303462333031333731643434376563353038373666363465323235353062383766633539326431
63303932393439323763306164333263633261613238313930643836656235636534333339306339
33326138346133663138316664333336323735636564346137343835336638633631323864383832
33336638316438633336623731383036646362613632616332373638373830613536633634393039
65633637616663663965616237333230616230366166323464646565383632363039666136626461
62613533326366616563653264626461306466616331616539303433623062343338316361646436
61663164613262646266333937323262666262653664613661306332336439393362613232336466
64626663663535376530656361336266313564663838363332636563386431313065633737366566
34326164356237323836303635373461353862373233653338366631656333373465393863303663
62356535363366383139616662336239633630623431643335386265663932666633623361353463
30633331633338663766623039623564663163626262653838666563313830383765666131353434
31386437323436616636313261346131353065623265386131343232323932663163616436643038
39646531373635383036363362653630393330393632663031356238613538663731366565323130
65656335646531363134323966623332343863393334313262373532356434636366636434326232
63363732313566663861336662386262626431373833633264643132616635643837633362333234
62306639663465343331646462646663626564633430353363643165333563316665303765666434
35323134376130366637643836356366663038653534333832393761663166396534373263313937
33623964356534396630356164326539386136366665616136393330633837666562306465303634
64313964313735303065346633656436653334653163386264663562373334646637626266623036
65323334653661333161333839646533303962373464363031663239653663643663366666363837
64393230626239666631663137633964663266336436306231336432313565393562326464646231
63356138346663303536613238343139643435666135316631306534613238373039663136323136
34643037623136363466656433326163383434343332623635633465663066346261663266346634
63643132616537356636376237623262353934333863653338393433666136626638643465353035
64646332616431663562363063396363303762383133343363373036363331643566623562636361
65613538613731303837393037316264396431633636656231343231626637636662633637386430
30343333653834313766306438376130383336393661663736333933383939656233663162366233
36633738666535393031643865366563646363633466353862616533666264363038343535383131
35393365663236646538383139333436613462313336376238306338316166353330663362393034
65373232323066366436353565623735623931646236393434343838653030633861333932333538
34653162353566363431353066663062633330643864306566306266656263316135653137643839
33393931383730653839346435393632656638343161663563376136313431353364366431656233
32613437353566616565656566303235626232623432643966636330653434653036326164326133
33356465353466616438396234363738623534633836343166356163373163633630373762343161
66363737353937353437633335353537646564653662623263356134333938386661626133636433
32366634333037616162653531333462343731656638623963373535306332663738356261613438
32396361353561613830343834653161323462633938616661643031346630663563623335633864
65313732626237333830656231636338666436643334643032373233663033383834306232303837
37626637373237353562373663633566363237393936373833636261653637386534343961613237
34373130363433643338623438383430323734336263363131653763333836623262323430376631
36656263656164396565623539313738633631663461303366376333613966663832363536623035
30323166633238333736346639383034373332353737646631636232616366663531313133616237
62333466663735623865383333616436653435666231373937323736333066313039633636643563
36663733313032393864656133386534653863313661313663623764386333313736623565383762
65333033343664616666623264383834393163366432626539656565393637383937633237336233
38396437386661323737333531313863636165636630373233633762633533383438363437366439
65313230366537316439333761383332633130656363663034366233623238346266663237383133
34343661623065653266633461356132366630613730616664386236376333363032343464646262
35646462356339613562633036666663393037356237643531396163613933643435336134303361
39356366386636623735343331643966643761616563323934336432386534613231636538666461
64313635643238393266643361353036383533346466383565316563383462336163393935626638
36336232646333626661633037393561333663646364353835373365326562643763353734643864
34633132356533356265336637373936356464643961646130643132376131363566303566653765
38646264386463653731333461396235336465303236363465616263326332633532383866313930
31653235663364366131663066613435323432626239626534623766633136346637383838373965
34373732353265326666
