$ANSIBLE_VAULT;1.1;AES256
61613335666436386165333165346335643932646461323865646564653037373132613637323333
6436303539323839346639663062356635623763363065300a393766336261376666323261633934
37626237343636393439373364316139353832643061636161306636353931393961336462663034
3633643862343665360a363237663636663639633835663863643432633431343964623662333838
32636639646664393034393635663734663865353330333131643736373934666234396263356338
62383237616437383964643233303433616435303465383663393432323332623735383061333032
64366464373464613535353266643361663335653161333830643565363062303930383464636164
63613033393464613962626261663132643365323535326563306136383930373732633366663532
63636565373233356261623539656332653864323830663736313265663036303835323061656638
34613630303033646231336135623765393962366566313239363465356432323832316666386564
35323731623933393238323732613034643864636634396338366330633934623664306665363830
31646230373464356664323761316264363932643361643662666437313233616335373466343638
61323161323133626330383232616231646435613930393937306362626439363963616139656365
32383566623966623262643562626434393234396639643362633466393763396336363162393261
31616633666237383735396435626430646132383138643934306564376236333335316636376133
31643232323931356266653230303333656438373165393335303235613038343739613162373137
38393935323933616463626463303332353332396361643964326663336534616630373835343364
65346534353461656335616230313734326438633662383163396634643635323334313362616531
64633237646331303730303835363239386334393765363136376434363335366266316265363530
33373334336435666532633732363662343638333462623966363761333962643735316363376561
31326433393362336533343361646539633934393164333563373838346562386461633038323931
63386165373332623666646661386562633134646237363435613266616265383466303535663939
30313161633531646465353933346564393835366534613235353637636238633533303438653666
61306131363835353431373530306238363236623336656166333361643635343961646236373035
63366364386536393861623137656164353964373634336561316230636539313162633531333135
34633232633438343937643664636137653364623530383738663563376432373531333065653135
66343630383331383434363139623365313434393835613663393062613530343265363236353732
64353965326366363562646338386232613864376430383164383362613464316633316666616634
61373134343832333537323730336538353333326336383066663665306431643330313261653461
32343761646264303731633339323166343537643532663563386563643764376330346165323431
66313864613562616637373734323262646134653234343230323839663432666230393739383138
32653166333536383066323065333135373631636262316363386431643130653264633039323964
35623430396165343932313937303165383663316333373137376365306236656465613661626562
61616566663837346537643265343563666363393364313631613264386236646138383330666433
66326466303731363663373630323737396232306164343564366532373539393032613863333634
37343865353537376164373330366237316462323566633634353132663161626531653335363966
36366333663435306264616161313536626631336333306561373138373137653237643966313863
64323733663061616332633331666161383634636266353761373561306361663065623766363964
37376639656139336133326162643863376430326565613435643237313339326562623166363062
38353233386534393364666461393334653137326163653633363439656261353138626638653665
38303061623330343261633835376366613633663362366131393831653133396635316264666136
32386466326461656135666437313637343362303363343237663766663137376239363633303533
30383139316465366563633135343939643031306665366665366237333366323763383232613035
37323735363631373564613331356136356634336164333966366365356437356135656361656538
36303566613137653834396263633261383461626466323034363237363063626635393062636434
39383866633861383030663630326666316263373662363765353333363761663137336362313535
37393032663864313830336633313063363832373635616664383364303664343638656639636639
64656332633034353430646232646132663236373134633831363534396566626138663730633765
62366435323730326330313862393332353965373634646164643831333439633832306630316665
62376531313934336532623137386636626330303137393234316632363063303964646665343364
63373565393239326134636137336531376636653532386265366638393835316261306165363536
65643536656332343964663638333038633461323439303038333135323635346165373132383237
34363039323264376238353034653439373363643238333564623530356334343464346666656139
33363139323738306235373334343537376131653961303563383534653565333235373561303633
39313662653666313362353766373338343032333632336630656364333538383030336661656264
33393935323837353539363564363231616465323530326566646135626133373935653034656366
66306334616334303564313635303936326533396632653365396661376566646130323264663535
62646665313932383939316465616236393263363165646430333461643766383533656266393465
63386331376363613162386662636631396364366466666630333233306263383531356663356633
66303430326631376261636235386562623665366462643366363331303232653965376431346536
38303138643735323135353535393464373266663933623633623835313065613731313964373939
31626137363462326266336133396230316262373862346334623530396334353633303066623536
36643030313538633638666663393434643239333163353335373966363635316133636435616165
36333136346661383339333164616136363366653431623964323562306231323266376437316231
33313232323539623465613161373938386436616563306266653266366361383866333733313165
32393265336361323662326434643934633736623363336330643138626364346234343862623332
31383233633461313362663933383935353436366237313563383136616664363233363661616337
66633266646139313436306263333232363435333165363463386363353634336134393531613335
62333965303134386164376439636462623633323762656335636234623631343931316532353737
61656637316465333730333035643035363737336662356263386465303163363632303630326364
65393134323430353739623461616263393534643163366365383334333134623865366132643938
36373434653263333462383231333165633435643736383862303730666134616162643432316435
62366433646535333233356532396164363966303965303162373233346532313730616266343630
30623762656532333339626130363537313666343234343733313735613663366564613062303761
37313431326562393832626639363936323031356131613665353736646663646530336539613433
36363033646639383863313535393133623263346533303266353365313338646635643538633730
34346632663866373932386332666265323735396431326166303934383739386139313237313338
32386134663432666437303166303433363966646432393463626137393734303365663837626132
36303731313832336634373266306432373366643863616564363332373166623234613134376661
36303835316533353038336466663832316336316466653339383731376232623264346533333038
64323264656431646338333838316138633332666334663237613561633765663633396161373039
33663763383836613733613862653161623930616633623639633132323766396634326362663937
64393630333131376563646366633562376135373635313461636433323134323866346432643336
61356439373531366337306565646331393036376332313236303464663865346165653134313530
63643861356661323436643336653963643135366166336230323131303765613430643464636363
37306233356431393837623062663563396631373431386662376162626563636561623962656362
64376366346230316235613763363138666431616636353665353534363364643166313963613761
35326165313635363332303466303236363531633064646437623365303835393431636134666163
36633566303761373334326366633533383066333231313830656164666464636538353835303662
62656635363330323730356537643932303361643365373861326437306239346332663664376335
33393132636536666266353536633630303164633936353333343062316335313061343664366336
39313463376332373365376133346361653535336638636161353134633237643464653063356537
65636438316232393131626466343730306330653332653163363235613039613662646661303739
62646337666334396566346130643865383563386332306535636262333466343562376536323966
61326163333466343566303761613462653430633335303464643934353533613061343163383636
63653833333131343132306565666362376632393165376464613532356438386132383064643535
39396638396461616535383764626630613038613363343966653661303035613135653739393861
36663362333237323431373763613036666261653737626432633434396639623731373639646337
36333434656536323939326364313532653434306666356664643336386237346636646464643839
34623530653365343438626561313839663330616433326231343462396537393339633138623662
34303361643831303839323461316132613936386430333438623364396132373037386534653832
34626434313664376665366631633637666165643666666237633863633331353533376362636165
37306338636638373231383630363866623032653761383738313465333431363736643563353231
36633066336636376337633131633765643964336662356665623237393939633236363563393136
39333731613362653332646261393365613062663761396461353165343039373061313838353238
61346331363265316663643964313336373033366265313238333137346233353062663934323663
33363062343339343232393665326631653635346438353664343330626139303334336563313032
62616333626238313261663134653363323062383062393763373864396334343331376436633430
61623064646362666333643562626162346332623630313933323565653332653366663761303366
63306365336666386663343561323634393463656236613630326365326439373833336534616666
33643238333261626638383362646139366563306134306566613932333061376336333536623232
34386135323563346466316532626639333662626433383537303564393334613965366339323662
66626662633765373336376131633262353232376362373063633837636464326166306331326536
38613131653730623532656237346130633934613536356435323733633636396435633437393634
64333332396637306435393035613838376638326631666439373361303866613666353662393430
35353738643331656363666130343665636238376631393432646464353462353761616435336163
3565
