$ANSIBLE_VAULT;1.1;AES256
39663532303261633762316662626262306335383564333263653330663032653532303534346533
3265643664306361356262323537633433393161633835390a363961633831363939366264313931
33396530336237353338383239366265616330656336653538653634363935316134633965636537
3364663861393464650a336161333633303963646433623365316430316635626435393832623233
34343966306262383864336362303232623965346432623638366663303266633633646336393466
61386532313835363130623735663135663837343339386530323865343339663139303539313733
62383037303238663963376163613462383430633337383430636162353935323132613933313766
34633031396366633737616166373865636339333830363864633132646132363437356465626461
35643762363433373638383065346661393935313664316137663061386331333732383664346563
31313534303966323364333639663661396134343261656365323436393161383830356263346365
34666430316136636137306638333231363965643331633062633361626439363438333630343036
34363734656164353937653334666137616131616331323139333464303530323731643638613533
32646230393062376433616535383634653037363439313263616234323037303465663939633164
62613931626662346566666363313832643235373564383131646664396134623963303738373839
65663336633563613339303661326332383232313462376164643435616139373338623934386561
37373131346564333736303039363762396539346634643964613932343332666164356462333233
62336566353361633164636438376462393165343936316432633035666536616637323735326166
34366366653530383962636564613964623537313830383464636162383034633161353236636663
30393035653961323866383966323365376561306233623438616630346133623339363961303530
35326332643834636537623833633034393464323930313437646531323135306335383434343738
31353564396337363139383666303862646535366337643665366465313732356239326538363262
31613862663364376662346338653238613130656530646538396636376530373065616365343836
34663961346639653233613966373564303162663634366363313766363531666362366431663332
37343561363264393731373231323132376237393531653739653531376339353734633062633731
30323366356237353763613565626433343732636535623535653437303830623261346563326638
66333932323938313832386132653033356436366163653963646230313161376332653233643337
62653334656538663962326238363266313739613335383735666464623934636539656463343933
38643938353763363832353735316364376261303830633866353862396536323032663865326339
62626234373933653761653839633066653832383331646130623638316566666433643439356334
32616661623866346366366265306165353531333834373161386566623162363466663365353436
36626332333339313637306638396131653034623862616535376434633437646439616161396365
31613733393861646132396335353264383866663263356530666437643438623836346561366663
37393066343263363932303232623830393639643131326633376338333733666333613134613631
35333638363138366530323561663862363637383239373835366138343562326534353536636661
37353066663764666531326331626335353931656635626162643535663730396431303962346164
36376565363031336362313162323163323866303164393766646162613361643361613164616161
37636630393938386630333731373134383365643333333230326339366130633930376164653765
37383939303163623562396165636238383433653836623431626632396336653335643938633133
38343034633139383835633639613532636230623934366537623535643033313130663434303733
35326330343737326662313964366461643263383534663735653433346439343561633430383830
30643135343436303965303735613735326665343764313736343032313264636562626139386131
38626666616531623065313430376633316664306665333335386163376535363061356139656166
33396439306639306466316262393732633431303130306166633637303738363735346136653763
36383838666439623736656438636465656366373232356430623533613436393430303833383231
62343434643366393938653661343538396636643561376437356636336639343730366235336365
37376666643330656130306562376465306639333665666364323535383435623835616262303863
64626130346338323861396134313736633063303335396461623736353061336565336439376531
35306330613931343831303066636336656561636539623039333362343430386232306130376363
34373663623633663630663339313565323065623832623565643062623535313563303265303664
65333530366430386264336162363537393464363330376563633730353434653564636533363965
34303131396433353238386231663661306165366636653730636464356664393962303562323637
30373234303265313238643162333939353930383062666236376634353531323261613864663433
39303837393665626433316237376530333338306162336335373539316335303036643861616538
30356239626139646462383561636365356335326134643338623438353165626332666338623032
38303066336634323430343261366132646164363166653830333830356638656231343039303833
39633033393338366537643636326662663839373163613137353330396463323531643530313031
36613766623839333936313535626532396263616364353734373866353630616431316331353435
61646366326136613635313733656230313434373933363837336566666432383136613465666637
62376663353630663639393030313632386139336164363330393662383665366166393761303634
62663132323461333462613334333930396231323633333364383965383130343837616131363337
35313965313139363338326664663131636566333432366165323239333939353966336466623732
36613465646365383231336231353764646237313861393631623164366238643331653730613933
34346461656532326536653936333862303039633239356231343266663664343331393937373465
62303464383162363238613265653036383934666532393332343438653132623431343730623265
33643230383762346537356332313836393135663538623438663563333237396665353464366635
33343832363764653063633332333530363732306437633734343434646163323239303733386235
61333966326237653638646464336635353735636264366134623430363862383235616433663339
31633666646230313763316230303137656565616539616166343433343939303665363339366663
39613333613066313964373335343039313161316636663233663666333465383862346537333161
30623665653332396566336430333235666665383966393538633637323138633133363962383432
66633031323031393634373038383739653439646335396364613633363535366563663761646662
65643465333836643431656339303666346631323163383461663065666638656661343363363934
31333762343761393136313339623663623830613632313261653834316662326233663237346237
36343636623961633333356131373838393861383966383262393738386639346136343332343838
35623463643231306630643932343634306133373134643235353437613264623331393964613237
66636362356164616231653236333432633663303234333464643263383563653062663736613034
64363665336161323162313130393932313938666436353663383662313865366132303765316337
61313764633430306238623930643565343561626561303263663930356138326630643333636238
65333239633430313733643865326238346466656466636265356266663461363635386264613739
35626635393231616430303438623964646230386131333838623338386235313839333861373238
36336438303730643235323134613639633262343462333161393437303130666363333435663961
38623331636632653232366361353662626535373631636463343635366231393837323934653939
37333935303033636335313333306463303233336237373961303961393666346165376265613434
62363361336139613839306138386132323832393231626333366165333930616565366465363462
36323666666138636439383637373333363038363363383138313766396338626266663538336161
30373835613731643263626432393232306633313830626634643533346237386234313461656563
38323461653333323731613735323461643834366332376439363433373736623838663837353432
65343130313134306333623761623562653139333333643865623361666366356665363335633966
30626637613132323463373739613366316536303561353939343961383635666563393139393462
37663839366638306265623966353438313838353762376532363739386337376539343335336135
34636139613739633734366230323437633533616131326263653536396662623037626465663438
37336439376534303161626365316664663237653661636131333136393639633637656165616235
35373461376431373332613236666630633562333735316634653238633966336332373863613933
65346565333866636432393731383432663435626139666537386634323530353334656233633864
37303432376166383838343838356331623131333533333962393762383466633964616264626339
61343865313466623965663437333665653630643939666439346131623635366435623631653966
66383835636237353632306331313862636638376434386637343739616631366130393063653864
31376231323432363730376134636462363832316333636435633865336465623066653337613761
64343165373536326464343565356563373932623038383331303432326162353336616262323637
36633834623832306363386163383030663336363530653938366239326233663766363537383931
39393665356236363232346164343630326361633138386564643062666464336665363135656565
61336565383333623065623538386166356161373762393561623561386136633335316133646638
61616330333566636661616464633235303362303737306339383830633037323131333732386338
39613833356463653135326138393764343930383139356630333139306263393861393363383734
38666334343233313536616631326135343866303862326633613532316365376237363764386438
31303638376131303735303535636435373738396235616233663039363162626165346238333137
31623566613130623264333062383763326336396536353462343961316364313566613932396531
35623436376563356630363337653938646435663063343235333037376334313338373634636631
32353838653435393362663839393032653263613134303361613239633065396364313261373936
30623966663530393366336439373930393364646539396133333864356237373065393132323335
32643535646362633631646566333034663661343237346264356132663838366338616534333861
39666239373632373662646631306534383333346534316164373039373237303965356435363762
32306635666330323037653363356565336162376139613133613064366131633535383066343534
65363062653631666634383030613963306436316563653831303638396465393731353831393639
61386134636561376437653261653233336163306131316461396264373064666531663634396530
38333735313564303534316361376633636230313939663638353866313562363963303061326439
62633462326562626465366330663037393865353237326234376232326365376665396161623433
61653361323439363930363731353331323138306638306534633665653934316138616631653463
31313138663837393038343333613332313037613962316231626665663264303734363962313564
61646436326263383330666233316436663465666530393864343533663338306337333462646131
30346164623964376632313063316434333232383633373830626238336661303037303936613463
31326536663035643864633233376361373231636138656232653533316332616366626432336636
63373861363131333132643735663035613236376666663439343933663334303638626263343264
30343365623838336365623631363565326533633338303638653234396136653039373733396338
64623931333731663136373465366334623865663231323434643863313037373163303934626233
63616532393338356530353162333035616566353137376638326630663439313139326466323539
66343830343065356635353733316664313566303131656662366536336538623063643039306464
35333632333161373032313634646438383065636537323230346462363830623736623434343338
66633830383163303061316666323238626564373362643131373530663538393838346561353734
66353935393265373537356638363532653162373461373465393164663237653465363438373063
64326136373165336364616336323539353064663933353133363765643165393535376366646136
36613161336138376561613538323165346430333531326130316435303865363439646137613136
32373134396433633030633661303464626661356130623135663166333164663562373531666164
33373965363330656230316262396164373137326430383238346462386563326361636665343563
66343737326430353961373264386361393038363734653663656536336339363839343933656163
34393939356236633333613062626130383135656561623964303137633963623834663738636564
34326466333964663930613939333432373639366161643064356562396666363535363239613736
31663466303532326338363233656431363362383437613764633066646633633362643038393130
61326536353765303530653964346337323036623566303633386532343136643832343066326561
31623432666335323235633464613535356664366437353836393063616330636661636532646537
63386161383062383538633462663835646638383339346364346436323264356265373035373764
37656132303261306332313031333031303065643464663033346334316336653833323932306631
66383762396464616261626466323233663863623162313666306132323063303339306461326532
36653534316434626466303632323932306239303563383239376538343661363564656561623431
36393963626234643939323937353938643766656161363537396632653131626131313466303065
62313131613838633362666163353961643162623834653731323361646133326562386264363135
38666236636436363933353265396636656533623331366465663031303638633265306638643262
32366562666165303664613163653966396162343634663138646530383264306662643663663363
33316237623465626137316364373138353832336265373934646262626438653635323934343831
62663763323364376137623934313039326661303865363332306638646637633337393961353461
31353461643666633730613737383063333861346264376264346436376632316661306261336234
39643664646634326566323631373432383832373933393464663961343433316139313865613362
32376234626538336265613033643665336564316339333866666563326165373433356230313635
30653133626132316361616630643639396239356533343164343964363665366531376462656236
36333939323936383234346138323166313838396562363962373036656165303435323463383861
33383766623236633132376635313037356561343164363762656538373238616435663262646365
64323831396130656162373563656337653432666532323763373135313236323862356638636236
62366133663536303666643936353166346138356639653935313334366562313831393862633163
35323938653062663934363935623732363931316566353562396232633537386137653837366361
65303130643439616464386136656537613961306561633130346333613138326634383031363862
66333662366336323463323433343133666165653037633938623534363834323765313234306366
35353234303836323032653130316637613433313937653836316463616537356461656363353966
32653134383530646466616434653265623065663034643361363233373637343833623161663063
30646132643038373062373663386465643839396435363166373339656461353631313133663862
37303766643536336538336662613534646164616464363734323731613432346233303639353430
37353833303936653063323532636337653239323464333230626331656264383235353763656132
35326433636361336362343838326638633934666231613465663232333336373530643066346434
36306634376463323434383838353062653834333236386465653239313034663564316130303039
32336564396565373835623632353633326664386236623533396161356364323437633665353436
38643761646461646430643538336162353634666631626336323534633762616635303463633132
30646538326634363636323961643537636534633162323166643135393636636330623035626630
66633439633830653036646238323664313233623362383330343266326439326335626434353533
35623364303533633231363661616263363065643765636437373738326338646239353337633432
35663531363235316636336130373031656638313361373764316239343765623938623266346163
30623037373961333632623831356636653464383637616365383733346437316538303562383761
38663238336336306538363230343138333434343662376464626665373065356330326232633231
36323664616166356162653962306139313431336437633534653834306430663463316331373936
36613734393563343138383932316330633338306239613362353338663964303230323364616136
32333637616261613838383036343236616238653132373630366338626134623535306563366664
35356466336363386363343439376164363738326530313435373566383139313263316664623435
37633338363066303233306463343334316632316635316439663430373137356533393162303539
66326537303435653639306462636337343763373836613036613039366134623266636132313266
61386330373465633833353430376430663433613138366431373966333535393939333363656565
33626362353236633864653265663362373237323364643065373262393461313065393534373062
30366662613239626133383734366438393231636563656166323531663034656436313433373338
64396435373961393063363230666361386632636333656234323838396438363666363039373162
33313537326332643765396438313663363034623661383763626437376262336537303932326566
32323130373331323732386363393231663233623434653531663064363163633131633339646461
34373637653062626165656236383932306562303231613863653233356662323461633866373964
62623630623632333665333139653465326434313864653438386234623338623364323561636138
39306463396161313338613330666363313135313038346438393931613463656464353934313162
39346231393333323163306331303461356261643166613339613539393432356263383338313036
32343233343166623539393331376666613833333036383036616464666139646263393032613865
36383262396137626365663939333662353762346332343939616332643562653939356633363861
30376134656630383838613339383733616638346134393065656434666436366630326537346431
37623733353631643431333465663062336634333635386362316165363630376432623663356262
62333763666131333034366539343730316532303535656563663666363861636332303431393363
63383131393839323737333231383531393630393537316263343861343961356637613437376464
61643733653863386236643837313034323362623233303536303639323333303365313036663733
64646232313037383336343763306439343236383132656133386139646130613836623865363133
34613636636232633964336439353130303062626536373761373965616362386163326665396334
30633938303365383537333736656564333932373734656631653661663838396266333534373431
63373332623064326362663333336234643139333933616232356461363866333636353634333961
62383930346139386439373832316130333163613631386465646233303133346137336135613933
35373066353665386564663763333137333736336435636437383938333634663464386335363930
65333864636466336132356538323166656530323234613064653435353738623832643232346461
38393733663432663730636431363766356361323363613635343437336363633537373935663033
39373133333366346639613861366337373531666336326334663430303936613231643437383031
62333032383262643533383038326638386435316264373461633131636631623835313964383332
63353466343136383765313363306165633865383066373534306630663137346235613330373866
34333131373961616362313135343432353734613938363036353530636234303061626538366538
61653137666661383164336564316534643566323934343831376261333936363036636663353339
30663562353965363865353964386538623430393332616165663563393530633934623737643462
33393431616161313363643562353938623133366464633333646262373239353834336439303538
33623533373038333162353436366538316664336231666433636261323431326639323464633633
39663335393333303238663066376133643062393563663735616530323037363138366534373465
64373433643436373035333437646566346662333366356566663731623634363937666239383635
30346630613438653435633865646433643861643931353234393464313632393433316333653265
35643061393061633139326336336461653662313135663665373937303136363530653133303038
37323334666336663561313262336432613965626365636461333433623135653432353665333333
64653834663030633036356239663833663764363563353231636561343033613763653636343865
39333633303037333966643635356334613161663934326437343564353231346462393634363361
63353464393932326561396635346535333433316439313133393464663333663563386431636231
37353766333531343632393762366264303765366437393162323462353236366162396138643637
36323261336433303763343232303838316238316638363635303762363438346164346533653761
31656430376462363264353963363535643031353531373764396137663634386661633638326561
33633231613166633964383764353534333234343036613638303930666538633132323935616563
63313565386633653433653366363037356364666364373566616237643464633863643730646439
35653766666234313438333138356131316632646436623235656563663030346365316332396130
34633433316536303463643436613036383137396237646137376539653631636232643438303165
36333264373335626366376566353833623333666366633261343264343333663031303466633736
62346564313864383330646363333837386437316264326130356638643033376634333537393463
37363162333339333531653265616538363032356133313935366562316139663964653163656138
36356130393966623930336233336564396233633961323962623236633733313339306230646464
34653861363035623037333538626366646466343038396266356533353638316561393634663762
37623163343834333738323537626137316631616632373032626234386339326338323839656462
64663663373932656363343862636338623363656538646239386430636433643465396361356338
61353263336639303138626464376237646434663733633634313034633563376535353063616239
65333638316666633038386138383137323130383666663039323066323733323235363134623465
66386339313464613462366634656534653462313863616434313830323734646533656665323663
34346137313465353239366465353364396336636262356437353464663737323562323631353335
38666437383131376534343161643039343834343165343436353631363637323339363234333963
64373339653661663035313934346634646365323432303032626365613930373665386266336135
66353064366363643430383538386530303031346330663732386530656135646363663363313330
66313165363235636235646161373438373137663761363835653732663233646266383766663733
39383036333231653935373539316366653736316235383135646366613163313838653464333736
61633033363061383536346531353831333835663030623264306363663032346463326136643938
36376535393337383266613532303831336663333764633561613161376561633831326535656334
62313834343431326562333236623665643732306164613833323230343937303762643365626161
65353539376165323263623261313335303266613234373330656139303566363533393839393430
33653064653939393237363136643832346538613634363463653466646536323335373336343065
34393039356638643430313265373337626361383431316164666163316334386665653935386436
61373330303463366461306538393839376530623965353961626430636130383336646436383663
30316339613834333961373031613665316466386137323261613064613434363335343333363936
39383030613233633531356539356235393165343235616438333638356139373337666638366565
36356261333164666461343630366239633336333164396266643063303037623766333838653037
66396165383333333531653037316664353838393566303463393765393934363835303533666534
38336630323765363463323764636261383132323562616638633838353032663438303961393738
36376162353866643631393164353436373062643366363733636335303933623163653463666431
61363339653538346439356536636566613237626438353362643665333937383831336364626235
33303230346332663163376266653735353838393631313364316138313739333737356337636364
63306538653334313261323063376630663436386230313838333334323735613130356235633936
31323764353139613231313839666432343138303661373534653261376636396336633333386233
39346262323230393366366661623336663139363539636561303330396338313432366535373461
31336630373532613364393138346236616231393161343939613230333536663165366361646437
64393636313039316633663633613366333831646330326631373465333935336165353730643339
37313865613138366137306366396565333463646266623363653366656532303238343834333735
33636264313437323638386238323432646265363635653039386137346565306237373237346136
36646566333065356330626534643330313934303433613535633830623261636462356565626161
63326338633464346263363635646236663839306366353066366134313639616536316465353466
33656531323436356436646364353639653236383866333635323639623233623361383938353135
64626464303836303931393363623362363063306237393064613263643036303463633935366162
64623434623439383633323936386139303561643937333632643033393936663164313733643031
63336635336364616564336536636134356165623233333361323638626664396163343337363433
30363230343038346638393262643338633231366133336462363630323762646334383735666433
34393861326339633338316465623363393166633734393037643734633431313939393263336136
66646531643265383836396462356331623734346138616131306163643935313836376163633164
36363737393433373765626234353932633735373031333135373337643962356139353831616562
36383462323839336136303433643235633062316136353239323038393939343034613865643539
34613539623234313464393561323437333365386266393964376338366664636439343939623130
38663639613533646435383861656537666262643239646465646161386165633534666662653966
31306533376232643065303638353232323863336663656265336165353939303035666532626230
39666463333935366531386335343431366463616539363162346462646436333335666264376264
38656535613438303539626333313032653761643064383962386433663038346532373331623762
63646338383132623262663961633731623866643738616530316339323862373137626139376432
66346665636133663135333966333635326134353833393830646433303132643066373862313638
32653034353461353137636261653864396663353165613039373533353862376534613538313130
37323033366462356330303865633933653335313838356463316634646236343165366535326234
63616665393761386563383331656631363765623336383863316561613664316338656237356662
64356634363662623931613733383538353161623234623336623532376633333861633137323461
35633537626238393666626235306633303130656338653336646565323231663839643435343330
65613339616163613234363130633733663731646163396530613538633336313538626234623361
33663864653733343830323662313234366136383661333935653934363237623364323632663637
31613365613237383333376330363062326439343733643666333439346236353036386563303937
66393235646666306665343033656264613634626436303534383039306231346331386131613638
66356230333961653531396634626261353732323064363365356534313535323266656333343639
65666466613632653833353231393764336465626365643534633633386237613566323931636638
32343531616638316261393361393739383965636237653537373635666434626361323232353937
30343831363534633061623562633866336661613463663966626662633662643632323130356461
34613966323430303234373463633365343364383064333565613930376139376333346363343765
37393234376335623139363432373538353732623136376536613964643230393233376137303664
64373232633031636561313832643762376362303864663566343736373337346331666363363562
65316662333561303330373537393363666361363034383033663635343939393432663139373038
61663334623335396137306332366261663239383466373635376464623833636464326634626336
32653666653866333832373337356330363836643234643830313566636434623765366365353236
36363935353831613032623337363566646565626339643136303163366137356539386638316231
62343630353661653061663363393437323663356661313739636664353736356661373130376136
33356435643033613763646639333462336138306234373864343834616631353832353038346437
66666361663364633030376266643862383337363861343435653231636330643530633230633638
30616135616366353431313438626662376636643762363930663330656161306263393761396566
34656339373936396166343736613663353431363263383931363663653430316566636235343831
66316534393038396665623935313264346239396362343930346430343632626136333239663934
32326333316535646236666239303033623032653336353864633733306134363365386163643931
37313931323661306161643666316332336231393932326664373631383339383663623137306661
33303662336333386664303963386265393265666263386532626633366364643463646337303835
30623265623366396234623136393831646333633964653464306633386664643562633633646134
63623764616265366132376131653163313132333666346534313234366462363138623865663435
62356337623532616666613132366436623138343638356637316631643330326430323264643738
37353336613131313430646463343664303238336539316361353136353266633536303166343939
30316137663161343632333463373461363765636239356130376133613436333831633636303766
65373866623461383239663364646263643837323063316133303564343131633262336632623330
37376137313737366239613037616132363561623634666635626631663536313536343332653464
30306666306465653035646530363036343130653233353565643732353531366362643062633138
66313666343932343861303162663034336464336537396563386630656133653036643130643337
37653031636165646337393532303663663336366632646334336237656463666165326234396538
63313634323061653161346530333631376130363331613736383932313761646638636631396364
62353436643235656235326463366130366663313134623363313033623838303962396562326236
37653232393632663766343263373933363062373931343437313138306665646364616362333231
64613734666437663231303463646639346637613166396434343938353562393634396230353463
34636263656336623338363634633462656161383537386131383031623538366338316565373637
37333761653039353063343461663332626261656539633332323465616333656663393666356233
63386561383164383531393063616166613135356137386535316664316166393463303364303761
66373334383065326462616262383666623664333461633461303666633533393932366531653163
64646565663165386462396133653832313034306234633634663238326635396464343736663263
32393961346533323633343936326335643862313262616262346132363538343532643561643361
38643435336635353235303262306561313639613732396530323632373832313932643630303435
61653035646431643761633530383239316237323464626239363762626538346134336361306236
32623064376364303436306132626263366233366661653966616439623064343332616334653334
66373034376539323136373431343466326238663931626161323236663836346137666366383363
62363539316132353463323538333766376261666339323935643864653237653864326138313564
33656261653837393636626636323961316537386633346131323532636136336639343934643465
36303761653164386335353964343665613734333764346530666230376233653635343862393031
39363431373266303637336532623539656661386165343330376163363766623334363664383366
62366365376434653665326335333739323561326263626562386330663532333835643230613333
34633435373738386132313664663634663833633637653339626335303839383562323830323138
39306466386332353331636163393032383066646132386139373030326634306663356434363766
30343461376466646165336339373662343163383936316663376231303465376365393638646533
36343737633961363462313466376330653165343635636139666561393263613431306365366532
62396561313661663732313561386533313335613434643032386362656533623239353464393234
30313864303837353433323365316364396338616563356164663532393231393634623164393536
31663962316437633534363438663931626263353939363236343731646665316330356666663064
63326561366537623361363662353838383363666262373139356361343131306437343532626166
61383336323532383534363138626136303130306261393832333765626335366266393531363332
61313936396230386239386230303465623036396161303534663539373430313536346463396236
33326561626333656165656630383032303436623233346630333234623663373238313861313235
65666335363130666536343363356139353037373535663162343531656536616234623737383332
63316533303036356435363134646161313934393536633537356262363031396138666539613734
62363061303664346335366138616539353765393564663038363664303663353366366337396163
63326235636635666563343338303637633937323036346466666432666436626265653230643139
34333764623137363333326266316266333565356231353861613734316231303438316532386437
37623638613461323032316662623038336432643737366136386231653630303261633431616666
61643335623234666161643363396266346439616162376633376134633838353861626238613134
64306365353263646231636134656465346463396366646665306335343561643062393137616135
35383264646634353432306138323462636639396339353535393165613539313566663761313664
39343337663534356461383465633332353131373866653333653635366364653833646631326630
38653962326331356534313334323930386434383331386538663764323534356534623263333566
30613662636361313264326231313362376637323463376337656138646634633539626364626265
30333231613133333564636439363863653530336563343436393430383536303837336130393530
39386239643836636132633831663832666639653266616230636463616534376132393963313636
61666239666331366533333562383239613138616462313137363664336566656238363733336163
36353764346466383439373865636466373131383139333561396333623238636434653637646663
30633533626634306439303165653439653733646236376563323438633238636134373062333037
65623463663462643937646335313836386337653339393131663935396638393330333763616364
38366436363961353735353237623438393838343861346432656436333231326235306131363439
35663530653433346633346564393233373030346537616631383639613262643335646139653464
36353263316534666235336130393239343632376631356630303364623163653936656562343330
62663139323566363836313165376137346539613434643836646234633066306434376332343239
33363338386235636564306165323064623561313630373664663234306130333361366238643839
39666366643231396162353734636236396130336562313566613266393862303137306132616436
39623362306266313662373537386531366335386365363664366333343338616532336139653865
63653163656330323234326631393261326135666432376130323861643433333930653466393566
37313836376265373462373137653936656461393336633635616230316132653033636338633730
36626363346333663362613831646664323533623861663165636532633764633135333363656237
66343339636134663462306137326664393436353738323162393263646531303435643237303562
38333962653838386165633164656230373435643630653738316130313932323630343532336636
32373063363538323662316662613135323165643934646462636632663965646339326666333738
36636166353433336136666461643637326663353736363232366333643763616336356339613063
66663263343936636363656539346465353063376133346535646437623939396235373938313764
34383236363435626537616230373537616431633864346630626162323661613665613362656337
64393062663038303434373336326333643734656535633064653132363737303535313664333236
61356536383330626235663439623264393237636365363364383735343738643263343066363865
36336165626261323866613431356464376338623736346339353134336430666233313233646335
66346334323131626230323537656632393161393639616662363463663665653864663733356164
65306162633330316231323133323061623136336437306232623263363433366434613866373961
62306330373464623264306431303737393134363935383166653235373236313961666534333337
30343033653665356165323663613666313164366462653865616263323734313832653434336161
30383235346331666134653864666236633163666236373862356330303031313835623861363933
65326261643534626663643334333037663333373434366236343536306661346439623964356661
37626164393638656262383565653264633661313235386636616566343733343161383335396532
38313562373965653136376664333765333233353539623661666130396232636233636336643035
32626431666436303033316662353932353332313430626234363165323937316364323034363936
62393866643733386135613737643832643331666235333461313038396362323535626338306536
32646462636638663430636338633639363638383435356664663231353334343461313761623062
63383461636133623866383139326637356565626639383133633266323562343536666361326361
65343739386633633537383432346161613366633636306462376366363630306136376163376631
37663532306635363932666234656163363161393333643264643461323139633930336237346231
38666338663434303932353465623039343131306537313632623338636265393166343765636635
32633365353334623636313032333032643739363161346664303462643837383261333835373736
30326362633831373539336566626134386534393865643165343134323837393733666537643531
38366464393762666530373538303133343166353163623166646166353333663530623232316439
38326165643664383563316562386536623334376264333233313632393061386435626135353263
39323233396531336662356333383438343161316462623366356235653162333831663266376262
66373439326432386137386236386133376462346166326234356532333835383532333932373030
31613036376564636364636262303934306162653066353561613032653165303665643736643962
31336431646337353664303164353037316433356336393763383535386266336431333736666634
33646661336239343761323162373162633361616330356132383433636431363936313663633637
33323266393862396634623932353832613131356466636466636337323662363861396536356664
33323135663563373735373533643436303861363462373565336466646362623765663630656439
34663538616238373337616166363563383336386164306433316435343935323161353666303265
66393037346233303931363732626333383534663165343933353636613538373032386634653532
61336365366334643637363862313533333538373730303938306464333636363231383466623139
65336134323466316630663536663562633566303238323863633665333831316339333039356564
34313534653333643761336330656638366539393364386634346536336163356139363665393365
65623739623463353137383862636131393063333136376231343930623838333861373331633261
35383333343666313739303330636136383361316264663165363437366639613265383330393162
65306430343532356635353339646461386537333732666364326463613762666231643930666462
38363336366337326338643831326433366161613163643665306130663164623332306266383562
64346332346432323938636564663039626132343033643035343665323064393265393031656338
65666161623761316430323732346338393736633332363832366163323533633232326538306331
36393033646632306533623665616461663736366266326563303635386631343564656135306530
39383965373561313339303138396539633261353136663231643934326364616462346439303663
31653538323630346338353131373263623134346432386163333233643664376535633631643531
30333163646539653830373034666334623030333434663562373730323531336430303731656639
63303734356664643339303361373562336462623831326461386232386665313935373532306561
39626166623433376132653463666661323261363464373631313735653236613838336235643134
65396139333562333762616338326338356432646435656237666235643866323430666436653565
39346362313363643139623039313135306130353061333832393666303832626464303961636538
33633965323439663832336166396332663833666531333063346665346162346137636463613131
63343363363832303536353763326138633138336437396639663465313363663036353637393036
33303833653532366232303362393463616133356466383131626261666565393534306564393430
37333632616633623135353162326165303163633238303135663662643533646134623130383239
31353264616233383561393163393839623737356232633233633466666639376562356263333139
34363837343230623663363936386464313665366264633732616131633330386438353437666336
31376561343634656130613033623231336264626663356363653439383436376337366236653063
64386165646339656634343363393035626438393438623465373863626239636166616431386661
31376636396162613264303334656564336336303835336633343733333835346562343634653966
37306563313663383531333061643736386335343332306265336465653133373934326235633561
32313061383563626437366566626262353335366238363239666263306134373532346136356336
38313766623464613432646434323432306330623662653663653630336364613864303861356433
30663431663361373535366465333462323162633566643866643937646663363031636636353230
32346262366633353766316539373166656233663034633333316334626432353036363733303835
63643033626664333036383236663863626435313532346335626638383335353566373064303238
61663461653134323365636662623366343130616465376663333230626537396439653764386337
63353564653562666131666562323862373137313961663166396565623162366164316237613666
63653231646364636331316661393730373261623963643665353132613632613865643235323136
31316464386635396635383932613232323532616465313431666466646238366430306662383433
66353464636462663263643634353634393434326330343738323833383463643364663439646639
36636337353930386232616138356431376231353038613531373531643636623838646132373233
33396362386662323935376364396339353937643332633636626633306430366632383839323734
37623361306134613862376464616536353737633833336566323665633764656165623963343861
66613165366163313062626666666231333463323530386165636134356630393365376465636564
32393662643539353331383535623237656536623430373564383662653538343736343561306332
66373632353935306566353634383265393535393661653230303738356366656237336665373633
38646432626339666562633461656331306634633636353063306435643765613933616433373865
65323734393134633562616436633165643930363436386566316331393033353233623662363331
36396634313139383866646562376466336631393036333434343462383231336465616335643833
33316366393130373230383764336136653762613532333764626631373937323937616131353338
31313135613832326439633263653162393638366136623661323465356363383466343839653161
31396634326139633164346133623732346639613465663330643839623230353838633438316263
32303563353363383063643037313237633361393062653337343666613430386237356665383739
39333761353631363764663433306532363935303735373262396666373135383761356134623064
33616437333362346639346664626663633061343333303536303839336263346436636466313431
33376363393131306439623830373866363732393762653364346431316234626636633136386535
64346539623662386566663638393462313538646436343264613563376265396262646265316439
62336132383963656635626130383863363231656433633333363362633630323361313634636439
31386335313837326630636137353033383266626162393232363235313663343961633465306231
66313363366334626135313731353036323235623338393262323533653034343533323037333334
65303934306430323932633463346133646335356533343130653463633564643632653165633334
61333438643162633663323662366334636633323062616531333433643833663761386336636636
37656361336237303738373537663733303435643931613661656335333032383462386432363539
64376539666566316139623165333239623538363665313137366436333561623466383164633038
36643133366266373563313932323038653430383138316632336463333065336131316461613563
30333861636362346231336262333830656465623538626535313338333531666639613938366164
65666633336533383536616163383066613633356638303035346632616335623431383763343438
66626430333665633263646164383839613939303062343565376263653938356433376439656664
65663437366530383935336133623965396238666132656230336231306161653832633066393339
32373235613437626464386666323262313836393238336162636265386466663561653733636336
32623234346162393433616531623964623637663638363062303537366466393362643338613133
66303538633337616132376339323333336332356633613537353738373431356666313237313865
64366561663336333133333338346433653964316461366135626463386334643737306364353231
32636261316662376638326534313164626535633963653631396138393136623235383937393362
66623936613163623562623763653739353665666632636436376166383739306663393932643262
62353437643337363166313033386565386239303739353866653961633632386165613862373666
32353165656164346661373238316136626434366535373639326434303137333135656238353765
34616135656535333135386135386431626137393165383534643630636432623037343630363364
39353062656634656263323533346130623735613733333730643263366537626331633261643662
39396439323966356238363838336666346530333232306461353237633437386632643363626237
39396237353231653564366435363563626166356236363731383137353738353131363366666433
63343037626636613262383466323630343930626638353764336339383731346264346131326232
62363531663030346530353666653336383630323534616465356536363465383732663336336161
37393363366230386266303239626365333133396362316563353064663634666361653433363038
38396435376462653035316466366235376230306130343662363165393663396639326661363937
38396663316235633461396435623330343464336637383939663561306666383836353839393661
63653366353265356332
