$ANSIBLE_VAULT;1.1;AES256
63656433313330663536323235323331363939356234323133653966393739363265313766306636
6639356632376561353461303131313033643935326363650a383662313437356134323362383931
64393233393266386239626161353930326430353538653935663563623234323730353661623731
3566303365303766370a613538386630346364323931306330623566336437663466633736646436
38663839393665333133376164633534376633366233653466666631383930653661323338666237
30656333643536343837653538653736656565376362623763643563323263626463626230656534
61346231393337633364366565353430366438383130393639616631663461363463363636386334
61356433383063346166653239663137626563373438633562616666373764633963666333366563
30393231613433613965616164356531643339356438316133383732383062386563383330383233
38333430326539643238356431326234623365636534313734386461343031323633636432643262
64326564343664613130323562633065373131626238336462646566633638363362396636326661
63363562636664633637313966303664643534656464396534376133663137653562323932633130
32383238326231376462326437326230336635653330376334353066633365363239666335363564
37646432396364666562383762373062346635363837303833363665306661306435343830323866
33386265323765306439653837653833376438313236643664376233623335333663336434346662
33633239323061373862306466373135373737366561326264383732383964653838626566653230
34626238666132393563613666333962363635366635363766323436323934313165363965336134
66306633613463346133336134383638363130613065646534653462666234633461626538626532
39393166633630373832353661626637326339333734326331666537353061366165363466653939
64373837313162653134393561643330343262393331336137383461393464393961393538323836
39636332306634336538623361663231326530653837663730356332326137336331333266303962
31326661363938393864303231633334666138633564393238383033373566313230386662353833
62386636633438363865616461656433666130613065343563653263323837393836656137623631
65396436383833303366336132633666636133633237656637616463343561626331636161373562
35633562373732646462653136353630646465376263333135623732353330623365323030626230
36646563663365366431383937346637363230656661376465376636303864633731636538663333
62313961613636313638316239303761373862306464383237613633636537616132376635646262
34333635313538333132616330353532663439373637343062366663656566306262326530373039
31626462326234306631316438636335356533336632383031396139623034333032656136366561
36333965366235613636646537323037343764383634303036343264643061626230396161626633
62353332616234626266633234366333356234373037316131383532383138663133316664343033
39323762353136346536386362633037626635303231663930393137366164386232343036356439
31633665636133613033613366346666633765313364333031613736306363373534646231323633
35323735633134633635356162393833316230633938646464323561323536646666623630633266
66336135333834326137373261303530323330313166663862353135656532353232316361343666
33666433326230306232346238653238336234346166346262613263393233633339363361326534
31306434396536646264316434326132333837306632336334646562383731343266653030333737
30393639363262633835643031333233623266353965393431383564613461336563393362343530
38613163616237333538303831323532323766313263333965353166653538633064393265653430
36653533346633373135386264323465303363656332623937663263363833623231326264323466
36336166646261353430656261636463383665666661353564633162653766346436386265386361
66356433626165326333646462383731353066623231366331303034303630376337653462313239
37323333373132323363333136373232333231356538646633316531633035623336366364303431
64633436326563633135363163366531363739356333383637303237633837653765363564356566
34323465386431353662363336373338313737383466646139326137656338626261306131633335
32633232336633396561313133623530333532363161653638626333366534383036396533633364
35373531316430393138373934303466663363653136353638666430656663363465303833633465
39313261346565393563313031376433393933346665666335663438313433396463636635636338
64336264353264623139613332353530656661316637663336666232393262643164646230303738
65343238353463656162616337663662643366393063356436666263393737343934376163613764
38623566323937336566613731346432613464383164343036323339396164373131663965353131
61613764356539343364636366366539623831636365306561663139376664663933343535333435
38333133373265663961656638326436373636633138643438633739306639663933333732626632
61636237303262656536626461333533356436646235363739353033353035653962323566363035
65363961366234633631386339373230663132376139666536656537666339643265613463663433
62626534653066353166663439383431393431663136646464653531336462656565656435336235
63633530383436303138623162666636643463353164353738643564346262363932336539363532
37643064356235656165393166646130343466383535393039663738623061343434636231623038
32356232303938336435653839623537303234333430393162653731386339653531373834326133
33333037323363356664613131336536356263303461343565353463303338623266383266646537
38346263616233626330666133373531613364373431383636373364656435313064356432633438
35616531616265613133336632336535353566333435343539326538353039656635346162353732
62396336646336396166633132336538653333653839376465333862623033303736323935623336
38343733356135643266663461333835616335636531613564626333313537356236633037333031
66366335303837663032326663303366363262363930663034623334306364323030623334633337
63356437373231303835316532326432636262303930663862623038653364376233663639636632
34666231666566623931656532633832656231343539396363396236386363343736393633316331
34393137636535653564366331316536613038353536353939626433333837326366353462353737
62643535373934386231316231363562383232393030333334323737656261366463326366346266
34343962383931336165393532333034383237633531386433383131383634343631366638643862
39643533626366613935306638303365653533353134306337376630636532646464656330376236
33356339303030646463386665373930336265393636626538303139333937393934626234383736
62623036303437313261396335316366313130326461643730333239386339393530393365653539
33313031663864643831386538393063313036396137356663303839356632636634316432343661
66653336383537656263663666303366633632373665663337663563373231646130613733376233
37373964636565663432303832303162393731393965663633616161326533353438303735393862
32376161376434346562353664333937373438646234656639616637393836376434383232383932
35666532616464613239653361343834366639343437386534383830333032663333343136303163
63393832363432643237353961303764326336303335353361623530633866356132393133336539
39656263393162373464306435653330383464326263343565366432626630353361633239343732
31393835393132316330613439663330396238366139376333613033313739623833393064653830
61336337393134386366656133613733316337656238653266366536316162353464313063373861
65393934353732656337306366646333626439383064323931643661323639373238633136613662
63393731376635623063313539393736633638633238646562643934643139323431313265633263
34616431653433613432316631623631366532393633613831666431313266646261353937633165
36613865663834343062623032363139643834616363656566323464343635616365333565313265
37376238623965333233653966343731616330383331383363326134326561326562346434346236
31626263316363633365396534656263383064663961393564316436353638633639366231653464
63323638643436373666646334366230653137393130663563653566663763323361653836326130
64326335643064353163306366653936616563643362353665323266353330633132623330613534
36623631316661313435323439313930623839653664333131646565366665623939343837616633
62376364333266326461376462613163393332343433643837653037646461623438373136626237
31313738313736643061643161383461633031666331393262353632663062646139626166616561
35373839356534626330623264393563643431353733633866376439353933626331376132393663
35323632363965313432373632353530356666373365316564363034383035323566636434623334
33373235393631616534626438346262633433373964383930366565613832376363353363636431
65623862326537343430353437363639666165396430623431373266373664356365643330626536
39643633323634393633303265643666373364353339353935646366663933303062383433633665
66306630346261386339336233633039383033613230303763373563343365386164333564623630
62393731633933383764396230663837303265666232666335393564313633393363323632343739
63333130623332376562346566333261353034386232303735393264643863623032353161653438
36616562396464303965646537336230323635643332623261376362373862363335386533653233
37623738356536616664356364656532623761623466616636613665393832336465346162386665
64623436373132663463396330663134633461363838346366363761313066656339663530373439
36383030396337333838666363353130656539383863376330333134303634363464366232333630
33623937323339323435366431633435653633373035663461356662303530613864313430663862
30396432363662323635653538663636636661653765393863336165346330383565643136363161
30643539666531376436636661333238376132613431366565636265643136366661363834313563
32396638376161653733643563666633633933333134333866373938636666383366636237646330
31643462373332336366313333343564373530316566323630623135613634346633613434636638
63373939343761353830346161343731366538383032636239373633613962366663396164636331
33626664636530366131643661663739373163613366356139393633396665343730333465373535
66626639366162653564386161323962666563663330353461316231373265303565636131326632
39663062366661343435323130316139653665383936386432313135623033373238623739623535
37383932356436353431663666363339666637643838636166303462326163363430356335383034
38646338643933626331373562303033336433643037646431383237376330663331353265623337
30333963333062396435383234306362356132383565333230333861336633376236316531396535
38653534346138353266383731323739326138373663356132643238653464373433643530336264
37353364373130393830326434313836613038333832376536343532303566336535323763343662
38313461373034363432343261633764633939306139313963666162373966303063366439613137
64656336356162343434306434623164666366373265366363363037323535626639363164376236
39363563666266373139613330303133663935613764646366636434336234656336653733643663
34633037343230373833313638376464383238313264356639643863353866373434623735646337
64623661303665643331376537653432653931363535356433373361613530313533323230633763
31303763383238626264353161383134333461386233353562386166363039396462313935663461
35656631653838303639613538343764636437346564656639386535383166656362303962633831
61616466303662316335656430346232626339303063656664623533663963643538643165356430
30663738343036353066303037616639396132343835303033363430613832363431363332313030
37313338653332343731356230613731356134346562363766343735663966653534386133636637
38636630613333616536653135313166663465663065376364666439383234623733646465343364
33386235353162653230383234336563373363383931613566623562666236383364663266306532
66326631653265653036313737663264663932646661653465666234323131643333616235316365
33623538646332393739323662393864646233383865376534656333303035383730353439613661
33306465613739333934343164363032306438663463306263316633383937613039626437376137
32343736313661343235643838626630323166353930636634366262653363353662323231653266
31623466353936313433653236386265343265316437393931323838333363323866653138646432
37666631396266313365356432636639613131666231336635623139386530646133653636633366
34333466616636623031616433303431633039303538343534333933383537326663356636376435
36386338343733376466383661393961616366656363666566646466383231366239353735393634
39326531656635393166646638323161346532663935653062656163323834643339316365366631
64643337373364323834303963613639653830383732666532663764636430323265396332653632
35653763303831663065636163313864666231613934313464666335633761326337376137343135
62333564613232326461343339616335643266623261373235623033353835636661376466343735
37646237643332386165646636623531373063303638396638313137643165346364633062663139
39393561633735333564653036653235303166616463366630393661663134326164633561336432
66333232363239626532616662633961363762303132623866353732636639653231633361646332
61616431396137303738633533363939383761313532633631313536666539363630313538366663
34336265353733633661616462653731633565343362633735666463323437356232353461643538
31613762376437663439366266386131393632626439373637623163626530303138313432333065
31656563636335626161633766656364353765346438393830653761326464646237373339666466
37373338396134333733376335653861326438323535666431643365643939353365663334626166
61383037306562346436326435326366383037626536376262666435306261343731373731373837
62633566393362613463353965306535663835316131353935653266623037373537373832656330
62373266343666653137633634333361323933626534323538326330623534663831336537376431
37306362363131393262613361383630393166373066633034346561346333626437373635636536
33323938363662663039616262656139366363363965383535303032613662646265626561346261
38393030353064313165393465383934366231303134343763316436313332356364636164313834
35326339313230356666353065633338323736366133306630346136333336383239316632653965
66653365663063646630633763386162633231353164323432343562663130376165613239653331
39653934633837343139393365306234656564613834396565326561373632343061613736353836
65613531383334343064333030383037363738326636636239653762383835633031633639303366
66633764633238643236646563653661363036303236363361336162333938653863376566633932
30373031636638306638663465386564346165656337303137366264323734633530623838626236
33646138616336366462376435343936346635646366643064613237666665386237303737613566
66383136636335613061396231356162363564353730666438313831653066363865306534643865
36396361313639663232323135313662323161323231386265613066626234616662316361363837
36393831626364613533636537313465353334653862376634323030353261353338613733303437
38333638666364363663646462623732353165376132386639366535663864663736623232623362
33386364663133643965313536373335623030333338613237396530636330373232653235383762
36636531333435333062633962373435666533313233336632383463313663313235363830363062
31373463646139383135633831643066313836613165326166383331323437383162613361653630
63366230306538653838366438363630663733326337396366333934316365653361396632326433
39326162303437366532353130326638383435633933643665323136656639396665336134336636
65623330313934663238323238643632646331326536613632313165666335323832386235623339
66323137326533336635343535333134383135366364663531393466663564396532333265633335
38303531646466393137323565343137366165663433636161303433383730303034356261616233
37313931373031376237376532303138343166666537386439376566623761616135363634313437
30306631326261313539333039343365313462636261383861313030333531323734373265313331
31363935396361613936333833623038653465346462346631323161646237396139623033336561
66323035343562366534376564636563343062393638393430376561653930653031373665636331
66656563656465386265303332363034356164363866623839343736646233336337333666353566
33623035343935313231623061633439303933306338643235313963613032643661646237363637
303866326561323861306535636333323063
