$ANSIBLE_VAULT;1.1;AES256
35376464626463313262303865616361373335663331373631356335663537386530373066666166
3238376134616130636263356664383030346430656432300a336465343134396638663431623365
34633363623766313965373030653763616563393563313335613434666137333062626365383363
3462666363343137360a313163643631626636646334613861306335656630386333306465346362
64643934396637393762306238383730313931623534316538323764323131653432623163626164
34636632323861333062616265663632333738653431623163356465646532373235326463373165
38366465623264636261623861323739356131396230623531643033646663353361663861316136
66393735373434323636336461346463626661313936643836336430623339656533643331643233
38303561343033393737643363393930323362393333663565323233306430393435636362383732
66626235643037306135316131663635363532356538623962363338346663656164386539613535
38616331386362636237633464373766393136616139306461323962393130316566626163396632
66366537393633666535663163376362633761396562363563373765366439636265653365383264
38643139643034333833356139353362616266386365313663366139356639663932373332393033
61656663373830613564666264356337333561633132623832373766653236303431373661623733
34636632356536316464343039316233383666333132613637363232646361663530663264383830
32623763653633643035343335353334326166616161396233653463376139393839373765633733
66636633353263333530376339306665666333373132636562383636656634383266313432316639
34333630363832653430303163306136643965656336363135616332613530373039316463353761
30333864323432323166633638626262316335633832353932653866633035343330616236626630
36376534663339376436316230363761363036363465363036323766353338396630643565636230
32623862626365613034633036363830626133333032316336636562313632646566636461656663
37616563383836303166616263366337343335313933616161643232383734343863313730316166
62336139343331333237316663343431336236376339333566353034393461363137353533363230
37666432636465663331323763393965653931303933323266666431613936623736663161343233
33353838303939316162643666396366623464383562306561303163383931323165376163383031
30643235363966663132666536326630326130656431306539366139323330633737343435393731
30666133353166663438383836353635633861666163646430373331343034326634383761613665
63383262616235333163393464343361353562326431333939353339373933313765653138643230
31383531323738346235386462323530623536396266653334613032616437333565623262383162
61386363643731376131343239333436363335393837323066393532373062636338336262623661
62353131616534663837613130653834643264636665613731613438356634623034396435343232
63633863343865663566623964643563393432333364356432623131333533343865643636393462
35633335346133306635366130383139643936393137323530396333323535326366383061666463
63633336386264383039613564313832396635303061626134646262393263623662613162303264
31626639396164613534656366393962326234393365376538316663383739626530306232316163
65656262376666306434326132323930366535376330336664663466383138376630633439396333
33663066316131643264303835613637323431656563636634613039383361396561323337346332
31643232343065626332616238383565363437646265326630373834653538376437373962383563
61333435646635653665316530326237626137666231643031323939363837396330323435643033
30643530366330613335643462663862643761663565353636353732343738306235653666323162
61376130363436343663383961343063643831366137653533393464393764623836363036613065
35333063336266616362393566646336303965643931356633383632666364343330353137643635
63323435373936323762313366336138653864306336613065666130636663333338316162363436
64383166376561666662306136643562343465373637356139303161303261353633613032326566
32336435663138336335333064323866366434376365336539633035306339656431643966373632
66373132633062316633313736363733313435633233373464323563666235386434353939316434
66356666386134643634353434306436383963373035303831633432333035643031373066343863
61666630393139386636393033343664303833393835366662336534623738396630613830633466
31653666373861396438336362623262653463313237303866336130396565386631616139386566
39626339353531663064353561383264313330386632363538636132353138626665353638636433
35323163303461363735316365336165393930613161313530383639636635343365663161303339
31623933386130623961623834636262653735393961343763333131386434366331643238616137
35616461333765646335663038343935656239363435383536306530623139633136306336653232
64306334353965343565313934613333666639346563663436306134363766646364383465656631
34396537343265343866343031313738333365626338373061316161323435356332326366316333
34636266663563366135326465353561656530313735313632663035356165343963396663626461
32396536353938653633313265376164333865653162396165386463306237306534396662393236
31306239393562343462616332636662666564666235393163346138623635323566333864613431
31333939613036353939386466646136326532386136383539343061373633363339633862346235
66313035613161326138666531646366616136376364633131333639636531663332646566653934
61643036303164313662303032373032393666323861653834623966643563633961343939643636
63353066623563396631383638303636363531666638383538666631343933366334663435313966
32666332323962336535323736626234616262383465626633376161303432383038646638633632
36616332356637666365623865306230316565636133363333383166343362396234343033383934
31666163346164643664373661376632616662363136663538373432386438656464346665386239
33623532623030643133306230636137393263656534386262353166373961666365313666636536
31613766376436383937343165626361316535396234616463386636313863396335386462376565
39633733633365363166663530373939643463643030623964353565353664393235653533356230
35646634343438663634356331633234373639346337333637306236323865363032356234363631
35303336313963323862376364343032653666346332636261633736316631616633326535373139
32343363386432373238356365363336396637313634396366313466616433626439623238616332
66633562306639383035643636353734383136626666653463373862623636343030666431343662
32386633626261663363316537396663626237346461326330653363373537626333366365326561
65666365326534363461343535666236396235353064353264383833303834333564353432393566
30306534643039613736313330393834623931653938336561366236383536353266643939383637
30386562346336343361366261383063616534356661313035326139366436356236393062316562
37656632316664323232383837646462366362613465376663373531343065363561323262653831
34323539383438356435623730656334383335643765653664353036646535363266356130653262
38323362343531393237343635376633346135653665393862303862396139616531313466343865
37326135636336653861616562323133646532623831616637356661666162313464323539613732
37663232323938366237393161323930626237623666326464663063393838653236643830346334
66383436663763636430316465353137336466343963656663383464623331396335666365616434
32376435363163623562626163643964306534353239333237353462383465633363613437663937
62336532353964646334623630376430306564376563303631356231356536336531623361643933
30326636626163313638363766666633363364396463643938396166396164356566383434343333
32386239336130323733343332643666376163306163363032353438346264323766373037666434
34376433626436656338323634313533666337396633653437653565346463323435356232366565
66323662383534653435363039313036376537356539386331653836366564356665633462613966
31353963646633366636306361313337613566323739623135316165393864343932353062353434
66643639616539636566396238306565633463386666303364373061303435343331336164396335
38623238356136613663373031353133363965653034346132653633343932333666326263376435
66386635656663363965386461343138393033346465633732666335333539643533623334656636
63356232626330366537613665306136326336666136653265376232656334353265343962393763
36303666313566663639386265663931323634303737303334663262613933303966646261306137
39666233383032663838333435303864353234626439393337646137333932313866636466333964
38663661653665643162643163653761336235623135333132336162363731376266643731643466
36646337633639636363393238336431326362633432643131623038653336326265316336653064
62636339376664303466633462333361613461663235303033326636623266393061326462666161
34363138386133313564333866666464313765346630333261633766373666393932646663303635
32323465636262616135393930633937623564336639656161363738666138663938306231356431
65396662396435653231313839313766636564623366643236356139663436343235623932316431
64316633303961346365363236633065656236333462646138313335333230373062396438353930
62316633303431366562363936323163383230303730363836663830306637616235366634366563
66346566623937303232373062623331616265613730376639316131333161623239323733613965
38376566333632626332636663646661653263346133626231313636663730643137396531626531
37653161396461303438653036316232646136363164326261366636326231333463323964343462
35613738613838363536333432653233626134373534353736323461343037313766313365303838
61646564333935383766386338353239346136633939643234633965646330376338326431643963
61326164623637363036666439666564363434646537633164643637383834653461633533613863
62656439626132616361626237383362363537663938656465383338373364313263313135643763
65326635383666653965313763376531303962613937633032323437663065663063656462616232
62373233303138643764643237373030636430363861383133663661643037386365323634376566
62336136303937336332643763316132393230313138643061383834616338666466323731386230
39343833386332653161653461383838646538326264623137303162663931343463626232636362
65653262623032613039376661323934633063383133376338306534366531636563323035343465
63396434613537383363653764306333303964636565643237643930656131316563663762353062
64653366636362366132636433323065303466663538636563663634376338613235616534623232
65386365313432626166643961393764373564653232326461666435336466303564343537306664
37323763333538393532623037326635663366643364353436313134636538656637316335383865
35343335363339333132636334666361643561626136346463616538346437623163616632643330
66356337626632326536323033366332646434326163336231623835346235613234666566363037
37366633346661393938666261396135313937666236393637323539613361393364346336313137
32373964363564643033333032626236356536316565333436333063373039396539373434636262
32343631343239306637373837326134393664336463626135643837386534373535333730373337
66323132346466646366316436356531383238623434623566373164343837366366376662386232
30616435653064373763363830366366376335306462336466343735663138386464373031343562
64626439313864333335386232636563656533623836393337373131323166303538653430353664
39653964376132343362393137353061663661656130653638363031623835393837633134376239
38386265336163636265633034663166383861393666343731333030353639383539613437366262
39613864373164303439326434613866656161636530323434633334663864636662646530306464
34313030316330306666353537353363306662336339383539653066353732616562376137353736
64333434653431346235343939636238393332383761343730656665613363333063353564616330
38666234613433663338373263363332313835666266613235323332336338656264613133373263
66643363343466393065616134373733383933313564323966356135316365366138613066616233
38343833643662663466333031353365353865636135626264383663623939613737623232383631
66363137656266396339303136323765626330313862666265633230373632373030633031383063
39633230616634633164383136353933316139623830336265363863616234363330616465333539
62663163613937323038636530616431626537613666353832323261393332306130383132373561
37616634633065313833373235616536663132313839393036346133326362393765353733343165
36343234633231316666373263363862356564383930333132343235383434646535653863643534
30376361383034666466623165396264623432316536643534663665633131313636633139616239
66616266666162636562346461613830306565316136383262633530663266303363646330616332
35326565353633336161323936326230316361343664373062313035383566356264343562303264
36303637626332396633666533373932643862656561303263343634613465633632633739656432
66336235656262623232623964613930326335616130343535623761616362663134386433346336
32306362643765366430636664313436333031383463353231333761613461323833313361643834
37366361343738626366343164636134376337363438383930383136313133353832633834653263
65643537653035653161656266356338613437376263663234613436663639613439333164646535
39363834666261613632613039363865633936623436646462613465336564613261316362366234
63643861393465396537313039316434316234373466626132363766346636396638643037396664
37396333623635613830313864326633626538373032663466333339643237326631623665393137
31663638666334663737373063303763326231356564383730633338306461356234666630366439
33336661333162316665366537313164643865636531656239623636373430353765643034383232
36656633656562376436383730373932393734363762653131653436396132633165376335646662
38376538663061623038303638666362643732626463383438646634356638363037356233303937
38363137303037343635666136636361373537366563306263643134626531333533303638393936
37386332633330383534633562616662386238646431653037623739613139353931333930363337
35393832333564666335316639666236356563393131343234623864363132633837386232356537
30326561343737643633663163313564643639643632666565366365303738303738303437333131
65326235353864643333626130613264643031613533613566356137643735636437356233653937
33353165623230326430393766623565636235306135326631323230653765313335323336626333
35356232323965326632393265303030373638643165303238353237646335383331306233646338
38383963323762353330363631363832383765356537636563616131623834323333323232396563
36663236613431396664303166336634353939313232396664376132353930616261343133386339
36333430326639663162393235306230623533323630616133316137353263386138323936386535
39343964363764373630636431663766663535313634646632666436656265343038376265353738
63376661613731326337313233303438393731346335343631356331313665626566333361343137
36383438343834646264343833386533343362613031646339396261383431363432636137303034
34656532616464363033623434633332303439346137626439653261303036383639306664356362
35643266336335393337613139303232343164386536666265353134646539373934386463383436
65653165633732363733623564353634653336616238373439356531663036303230616634393230
38353439613533663233363632653437356636393835333231663766316638643330653334333739
36616266623130376536666337353034353839333362386262346462316630313235656165363138
39356361646533376132303364303865623664653039613135633364383436303739393239303833
37383461613863373236623938376238363230356163383264316431333432633936363761616663
34656462656230363966363239323436373963346532623465653263373234313835386466663132
64616431646633366164653331323739623230383735653232383231376631363539396231366631
63363734636631303063376139343261663236636337393763323765363363313230333362646464
33366232356565643930646139326435303865616530323138333764616666653835343766346665
65643933653131636135616438323561346632643232653161633665653837326231346161383537
35623233306163323835363030376537656661313034306337303734303063303564303033336638
39396631353930373162363865636338613738623362343136376334313331616563373634333136
33656366633365373734313434366337666434613566636638663438303736616165656234616438
37663134363366353739396631303163323134643532356138363565343634613130373634313131
63626436636262373139663532313162623037346634636663396630363439636531323464353532
31393332653036653666656530336564383834316535373733363839636461646436623437363434
36376661666262633065393638663862663738396261396630663362373466656632646465333830
64376435376135383133353132376238376437643032336634326534386130323531653934313663
38393738356530666439393139613866356362636463333530666563636638633365623130333333
62346562643034393065636139646661356662393639353336373563653332363230363633646335
62366137396162376539613931396536316138666164376234636564326230363837643666656165
31613263326166353263396533376233313536383133313839623937303162326631343032376237
39326366633735313262303630343763643534643335343864336535643035653963323635663865
34613230316262623464323139393033633538633133616337376133386538343561316535333666
62386338636666636136363165323661333837336466653632336130633833623639336231303662
37303633613261616330393536383432383066323836383161313535353732616363323236346561
32383638376431323735393363313032616162653263656464626634336239376634303935373932
36303030336461633865636539313230303930313737373137363734613866353463373964643237
30393066336363386539373139653062616233343334396533636132336336626438346331343262
64623039396164326337336231396534643137313761363465386337353466363331653161353266
35393334353663306133313832623862623136656639383463393039333433633061346564663330
66303534323066353432333266343930373631663162386465386363363230646138383431373762
36323734383339326262303036646137343839643963316134323165313138643637643566626335
33393437383339643337306161303837333830326333336163616262643831303537323633356366
3436
