$ANSIBLE_VAULT;1.1;AES256
32386537623636613038643037623130613337393364356633613137316264626231613630343338
3430613031313965646630613163663866353538633733310a623136373766306561343239663963
34623831653434336466353838376266666266646636363262366330326338383261356561653031
3131386132326566360a343363626661666238626238323564313330393564356139643264333531
62333134386134666539623533303763373331326634346330653736333465313561343263613132
37323434666633336131616433663530383334333863396131313062313238323863383065323364
65333466626433356531666139323739306665653734393961653165616635346265363538646632
33343836333730356362343035663836373435366634623131353061633766396236396436393734
36643034303230383066303763366163343139303062393532336362346535343163653936363365
65303063663464383530303237356234356662376662623936643437346330643730373230656130
66656531373632303836366434393536643264396664303563333263653136346333306366393563
65376639343337646264656561636665626464336237363234373031653864633165363031643235
62303838306237356135346361646133623635653830393933353761616465356164326338346364
33366637323063653465326437643639343136633133653135363333356165383530616361313439
65306662386534313066336561666633636462623162656435353633373166313235616432303339
65346164323861376131363739313366396361626437326466656538306237623563343033626437
66333637643132633865643763323364376238663931303563346261313531373466393830316236
65343538646165626561633262333465346131393838383365643734626231333139326435386633
30393530353263613739306463313837626139613262363836366538636161656563343035633161
61313636363839626163343738623436666138643131323730646364393738613464303733333338
38613330363731313736343962333162666533643733353763643735343863343762646539663565
62353033613365343665313731643138653534393330613366313861353361646136356333323563
36326634363038663137363633323237316131666661656233626531336531393539613638383334
39393862343235616539343139623031313466616330323837666233636362643061343432626635
62336336303939346130656133373163633762333266333765373366366237316437336335656364
33326535373462656331363233646638623031663533623733323236356130323134626430613463
62663833653136653830656465646233333434393239653535353234396132323033363866656533
39383665376334306362383535613063633666386562636666356637383835323737356163633535
30646431643630313862326563636536373363383366313766666164666331383261323561316436
35396436643861623030333463646264613035643338373264323066653463363330373336646430
30646138306266393333636334636463633564643934393337316236633434383961656665353437
35333864636430373863303130653532663831323637666463393636656537646332643439366632
30626330356533386665643639373564346663383937393931326233316363663438343336633366
34636238353234386666623661616635333965396536613665393063353938316337383239373162
39633033386238336663376636663036383432333764343462626539366337396131366161323738
32313466313836653636343833306138303230633630323361386230346563306537386637636666
38643764613364393261373438313434623266363831666533363630666139643832303464346661
32366165323038366335386139336565666531396633333331623838366236643666363161656163
39636632316535383761326534623437323961336133633262616237653437616531623130613561
62373934326336623563656237303662633933386538343464373132306233616263326162333362
32623462346561323232636435356137326661366165353135376365616264646461366437353338
31356264626463386431656434613831653939343533306534306539336333323730306262613066
62376130356235353865313964323161393564633834366164306336316431353566646638646561
32316661393763643236633464303666383930313734633531303730656138356132393663653162
61656131353330383332393962663731313632373161346231353230636562316238393265316535
33663962643332396536663661313163383032363464353265653832333836306432393063343764
33383631633131656430643136646363386165643438363162383739333839353264313965333338
30613365376364623036336534383363363336633065376532396337383864313134343735656566
33396133663063313330626462343463616538333437383863363238616639363939643365393562
62353265633563363830643064343534363739373464306562396630393331323531643364366161
31373565613632383739363266386537306338663537323434636139333633653837626565623936
38626336636634666131633538393066636237383839633731633331663762666664393664343665
30323131373431663665333131363636316631306563326239363632626534643764313461323438
38616532663439333361306138643230313165306464313361336438336236333036303135383335
62353635666438616333316131313933653964316364393961393462653437636236623731386165
32343662626436383864313863646637373334373233333165323162363761666661653733373736
62623133353765613362313939353134363762623463616161663665623833363239343131656237
32326561396132386366643130633532393734613763613332353765383463313264313139383738
35643365633833383064376137356639313566323934646362616261393766306433316239653432
38646165363439303561373133396564633563616439323136323237363066653365363937336435
33383733636337376233303466623234333934383633663766656138383434663435383835303865
30343439326363393535373862303161333430653733653434656639303138383263343465313638
36363431366137316463323135386536633962343365323038633830323061336130316330336235
61373766323464396634653331636664336130636364623264303532653163666665643537623434
35623039666431393566626262333863633531646534663033383261613138313031663863383738
66303664313562366463303539306164326336653262616130613561623438343433383763376636
37303031323831666463386531313866346238393761313565363663346162653565626565626536
64323430666333313065666637666433383635653733393061653563353564623764626561346663
30396531643036306339326437333539386636613861396161303866356532333330333136386135
61393538346461666338646265366436623461663364343261326466653739353765653362626139
30343135373532313063306232333563616335633236313335636136306238343532356134646461
33313439643834363330373837663035623361343563326437666263346237333431623866316465
35376433363931316334613036613037333564396330663930353030396236343163366336616361
30383362616436333363623338386266303630373635316263336663343537376232626136616561
38333861653634393132623931303361333931323239373465383733313537313263633762393339
65623364333732666132626335303738633066306231396235633562356432386236333537333963
35363836333461636536643664353261363833376366333837653239393635373364613638663161
36376531326437646334373637313338353662326362353733626562653933623663636437366164
34653135616431646239633037346362313137643265346236343831336663613333333835643132
37626161663436343761663565316664633532366231323661323133343736636562636535653766
39303661656530383338643866346666353762646339616236613933336234373232323834636237
62303039393635336638356633313934666366343634633862666330353063366532313032623835
36343466323539386238323836376638643935613332313831626435613839346230646331333535
38626437396566396166363165396461383638653734646162626361613236303834663664346332
39663537333034333231633162383630366464363731343830613765313731396332633934353762
65613361393837313530633137336231633832336235346565393464376232643231383839373331
38346363663736333063333834343937323934373265393164623461373961653064346236306564
62663735653139663033663333316237323230313265373533343836396431656661613463616437
38356364326138623531373132326332366237613034656436393334313664393439616430373738
36336435333765323939366333646366353832326139346237666232616539373737363862373166
38306562666161366130656239663561663462623135613838643530306631656665333863303530
34363736356161633262326563636436663931653732306565613461323232343963613430383739
32353438343433633530333839303032613432316361656635363634393664376332343830303230
38316234656564326331363830663532393764316263323834346130386334373166373764656137
37343463663034306132646161383665643935306162643161303536346536353439333739623037
38623265346231396132363739623935326234396236343264383965393833326134653737333963
36353961333530333737633963343636316664383232636439666338633236616233346263363665
36653935656135323763636532306665383664626233646162666138663336643665306665653439
63656132386265643136386232353864383536303132623265326237366135333661323264613163
38313662393538386664653564623439343564396133383962336464653031323736343839363862
30343139666262653732616637666562666130313362346163343139313564386630323639616664
32663733353437626531643261633362623965626631393330326532373931373363353038623663
66313339313532303732616137366565336665366338373363366634356238633435313038323534
63313936376635353533356139366131373137346437626634303030663032373331613937613762
38336337343832383264323866316631613363393762333064646136326330656664636534623234
39626236633734333937666336643666343862326334643266656338383264653963303362393466
63373836646130333965636634343030353834636161613538373664663538336530356635366562
30373137616264663562373236323733303062663933396662346535326462636262383836356336
61393232316338336262663165636333393965303335356533636238626464326333636430383263
63353438663062623462623334656163373439353062346533656133643037353239663937323164
33643363663762636166613033633934343566623032373734663334366463333365353031326566
34376635643331366162333534636138373465343230353633323066636663666434633361623338
39346461383338336563333134643766363435623735313030623131396162663135653636383736
39376639393962623263356564633566373662333365613434663164393936316364343864393132
33613662393633663031653833623231383231623238656530333435333635386536626162333931
63356137656339643035396237383164323836393964623863633036656637633365613933306466
30656531366532636230333731653333393766393037303737383931393962396562366266633636
65326532343439626230353036366431363231393863653035316532363139336534346631373466
36653433313964666439306464306238323733663937393566663864666439643937316666333936
30313235393230323363646234346132626535316539313637663266643430663337613439663030
37353533663538323166356439393930383838613339306233306631663764343866633531636132
64623635623932356636616131633065313630663935616265316435343761383363376562313636
61633066306561356339656532626133626438336136613861333065306235643331323865303932
63626163386534663035636531666539383663353764666437653165346635656538323833663865
38393662646562303662366537383564613539353532323963396431613934623665646139616266
32643261363531636539383832633331656666393230366631306565373264646633376339623065
63396462326436316239663430643238336137643735356163353164646562343465326533306332
34346463383964643632323334323033393362303035356264643239376662643166663262386235
36323463373138356630316162663330386237613638613036326339356235643263636237303738
34326334643463623166343938666134366438366563393264643239363637303562386237643733
35373561336632346566323163663638613936633866353761366232306330646530393938363731
64623232336465313138313431336530346466316232366339376431353366626236366462616266
39336230383962343764353361653136623165396536656531626234623238633430326166393131
30313661643733666130343261343935643734656362353566373936353366653266393335363233
36333431656366653932363231373063363463623439373933313038323138366563653666346261
32383064623038653633623965386635643463646535386262616365373533336531393730333463
30613030333363393430366464636335636661336266303433333732363264633465653366393139
65376162343435666234363533366466383861653632326162346266666334303061376238613865
38656237616135376637616136303934336362366265323363336164363061663132353835393530
63353733666431326461643763393764326661626261613266376231663939666135323839633339
30326664393038326566616130333734666361613536613131346632636333666130366130656532
36626262653766363734383033396136303262373331653833383634633166383466316233323635
37323031613939383538313335616531366332313734313638656130373830366139386138306232
38383338633430633662643038393831636137653136623264303834366435646563386534316338
64636430613231663934613632613037313439323034656631636337626261613634333663326439
36643865666237363530313264356335323666313865383864666336313831396261633063303630
61636161313565306365363136666365663162343564373761386239656333323664353531623130
62303262353261666133626137393930333463666662653732333337373031363561343564313463
64356431653134306661346333653730363830373933643337663762353562386430313034336165
39333235333833343035616331643463346632306231643363636665323035336661303364613339
31656638633464623236636535326163656137303934643465363039353262316139373336333138
61326339386137386630313333326462376661383265313236663835356233313465643861343032
66326237343331633531656433373930373264623766303661663263363131636636393436636432
30356238333462363438343431623539656432326635366661353532346337643836313261386266
30393761386466383536323339303961396338636533656536376439333562393831633030643633
36396635663036656435663265653736643935333166633566393363383666613666643566666434
33623031626533303438633164653631363061653837323265346131366137313939333439353766
34643331646261323930633539363165323461643338323230356633303266323265303166376261
34343437376363343962343961323930343963363431363432326431626361613633326661373664
32353738323565333939383131663135613837346634633833366664613433613231323738343036
34363736613332393831366366383930336462343762646564626561356664373930376435353938
39303439376666353733373433653562396239313832613139626431393939633466636132646231
30363237386361343064356362393466323965656331623735316564396439643936383964333336
35653030356364393536313536363235623139633232666432383666613464623935663238306538
38373337656534346334653434343365343865353166613637623165346431326334306262303136
33643135393435656537363130663739326362646664656562383538616631643534323338393339
65303537653836646539623439636561646362353030613636653432316238303061323363336336
32383961656633643032326432316633386364383365313365363039613565333035653135383765
32623962663761623535396565613438343333336133393664336561356335623038313563616466
30303131353866383138333838633335383839363762383139346337613134303966323733626130
37633831616233376264666235643661656632616532333032336434653135626532393763386162
63376631336565623830303336313435303735636237396331383039666138346664626566663737
37663637626466333538363136303862643834373563633664326261336239616536636363333464
64643661663365653536396631313830373164383630313561313737366536336237633165643461
30343831336631373433643936383261643031373163346665656161366265303664613930373731
37346131326361663462396236616536313432313731396435353538303734616365636461343736
37376634613264646663646565626238313131316335636533633033623734336138613966343134
65623632653738383061613631303933376534633938373263363031373430633165373236396632
64363732343933623066326634343838326531353336306434356330316636623863303932393330
38643334373064366438623435303665393766653233383964643665313863373964646232636463
63613035306331393037363665616237633739623663346563643433383133356135353739643634
35646135356631363133336564393833633762383165383031366431363430336536386666366466
35656563393666653738366461316238383763363233383238653764323866356662336161663832
61643935303835646439306238656130333064306138613036663462303765353037383065306361
62366564626336366565666236653637643930613061373532393962643266363238633939666665
62326435346165316237353036633339633933613964323166616430383966363439623732633633
64313235623634303161666332616165643731626361646439626362316331306163376339333335
62323561386333386635393462366537313433313764306237653466326466353830303263383533
33363033363530363931616635663231643962333334346539313366613362353835303663653932
34336539356533393263373530316334346437346163363966383936666134626337613165353731
37313862386332616535646238666538363131363235653239346430616330393334323738616432
34613338363536306164326636393264373934333439303234666237666435393636633761373962
61313538326133656363646132333730373230323664353839313264353861663332363365326661
32343934633363666437303333643662313434626563396264353462626539366436653966613434
38333130353238636636616436623237633932376630353535393733643866663738373230363532
62373231313464333037626136616338396132323639353630353666623532663338663334323966
63653365653661633139666438383237356531613361393064653836306330643834323235326331
62363764336535373238366631303363373831373830356234623465333334633438383131316565
64633039613164396364393538363536643838376135626134346539353661376539623834373430
61633164643930643238393265626132303738656133333034626564306239363061303561366636
35646534653730343037633066636639313239646466643535363933646139323963666135386333
61383466363531303338626330376534336331306630343166373232346339343666633762353865
38646564336161366539643733383939363832353936656239353861656330663636323262373733
39323139663334363432303161303461333165326261356439666631326531306166366131353335
6434
