$ANSIBLE_VAULT;1.1;AES256
33656362346164396431356365326463386364616162633062316564313239363364333062323831
6163363261343663666363623231623338653632386431360a613735613339633034336430363362
39313431663035366439376433653436613038656230663636316233383537373736353961623063
6235373762343532630a656263353961623831353331616436316161373830363663386637373939
62633035353630383331643630333238356232373866636262663739303538656435333263336638
34303535336562663530373635623035613730386432373836616138396633326665343462353264
65643833303730613034663834326465643732306434393736353036393433663934343832366566
32636439363837383061306339376238353635393262663838343364396164313338333837633634
61383732356135326638326336383636383036626533393434336439333430353032333934353136
30623364303432333136363164373033616438396139323731353833323763323665343431323037
63633739303761656330386231613361616536666638656238316366333338636162636137383863
64383333613963383437623236643938653734316634333434663738366566653262366134386436
63336666333962356365613333326231326533643961623566303064393861323032393836646163
66353866396134303264316264333762393631663462353532656331623966633430333562636330
63376166363632306462666666366433396565393839396134653336323265383433326266376133
63323139643162316538643463666339326337323064326639303338346534353133313363373166
38396266353132623238653961643362366634373632643831623138336138313339373865386663
65323962396564373733393839656336666165376565323563336336653865613661376238323565
61333637613539316561353930653634616535663531343165346331383332363132396333646535
64623530666437633863646662653431393565393233353332333163336563666437306630303439
32303662386139313934316136316136356139343237333630306638306163393461346161636538
35643265333661306433316338303764316662656436373864303030393732396562336162633039
36623039306461313330313266616433393836646136316361646664336661386233313632363266
31353734396339626365343435343831613234656535386630346264346162663265643733343631
64353963306337353166333861326564633564656131633563643863613630303533373161636330
33326337356262633866643239663839343535613135396562623730653064373262346165646131
37396638366136393236613534333032623034623131343230636364653339343636333666653739
39363739316430336561346465623263366263343430613438353365343733346564653530636239
66623130646532366135393266383563626633323337333432323839613332343161353865396439
62663064616461343466393937646434656336646264646566306437386531363366663734326163
61656330656133316136386338353834616331373763383035303831643739366565663061323562
35646436626631613537356462303364353232663637363561653861363733646137616561363961
64333435356639343039343439626531626262613334373137393930643132343662383362316233
33386165643361336662633930303466336436396633636632663734373362386363643165663832
63396564373031306239633264656562346334343631333564616535653138393538396530393165
35393037393635393633343333336564666635326632633835323936353432623736336632363665
65333433363034326463616134353430336133616266633234663130643831373439333431656135
63363165326534643338633165376437393630353830623837666337366237343936383430326662
63633161626238636130306232363965643730306133666262383432353934633332326639376530
31383361636338303239373136373337663832396361323930616637343764613337626365666634
63303336323832663035323233323239646465363432666133346438303962383837306261616363
38663464326437393361613666316332366662333336303039313261386162323330643363653263
65653034386435613762343234343638386331656565353230616336386233613961333362376334
65316235353665646366363435656134666632656138653664313265333966646534363938356663
36363966613164333636396237363230336666363938663539636636366238376433626633356565
35326134323661363737373062316361633566346130376465626433346532663038363138393236
35333535633233663062623765316634386532353761386437623636316330656236376166353235
35353264303432663063663337316462353666663931323538313134623366333033373736323132
33303862303136633937613335616339646637313633353565363431326230353634373533626137
64323431376437616235396561373965633536656263356639346262616564323338393163643466
64386265356233613739633861653264386534393863663264396565333331663665303530366339
38393338623230336236633632616639393035336432653166396138303833623463623835666463
36303738326137343331333632663961623461323839623032393361643962383330343833386439
30396139653838363633663764633962306630653666616564643431363862373538633265386630
61666138313936626236643166383362646666623965373731343231346464373434373663636638
37646463643938346361363231633061356136393739303433643963616235353061393033633335
39656666633330616139643330353162346630366131666463623934363430623230633436623039
37353461646238393735316130623765326362376234373130653662353936393436356462633036
39313965356234336463363331393936633430646264353365656465336634623636613933393864
66626465373831303732386334653966313437366165323630663365386562373061643136613137
61663732393036666266346238323564313935376637376363356663373766396338386235616563
33626331663964316565626363386138313032633739316564626539303564336364383462653037
62316133323262616161393939343131303466623965353533336638363736366339663139616139
36346332383234333239626433376230393939366561333865323366313866633536303037326632
39303936326237646538386565353234393331363339313961656637666338623162613062366266
33336636366464653737363934383161373839643934666437633138646235616633633533626366
35303565633364396532343135623132333039643566613539343865643863313738313132356634
64373263363730353932346636343038356135643066656434356131646633663437343033653065
32373834666462336162353662616662653262643239623637343036633834323233343439306532
62376262633138653430613633643163616535363264346238616365373963656639623763636231
33636662346239363937353235666130373761343333323334306435613362393236363339393131
37613461633839353263633661323538396538326539663966623033653431383339306336326465
33366634303566363139323064373539633261663638663432313463663138336336663531396434
65376332383561646135306265316262613432613336316539383262663838323266663230656162
65376263353537326462626666636634663466656639313864636230623166306461663462663239
37363066336231303462366637353336333533636233633637303436343739613566323332666161
38336636383537376361376130623235353161333064616437656536323661613364616535633232
37396366323637643238383138393631346636306466303266393730346537633962613539303732
37653837303036643164393932313037333332393732346334343436383338343032383666363132
35646433373439616530303736306135363465373130356432646330383731306134326364303833
66646433373162333162333336623931306464323236396438303934343333643362623664373039
34613061366663616363313866326131383863623937613439326334386634303631653264316431
61373930663630343135383263653234333563623463643333663034386435613238376234303038
34663938303636636435383965623138623663616433653962613431303866313464393366396131
35643732313139346661376266373636636163316561396666623861333432343466613466333435
36326434646563346665646434623263343235366562303737363538643263363063613934373637
33663833326137363635313430376466613338313731373639613439636435333533306532366230
39363136336330323364333638613663336537336566616466333633653966353037346132633930
63303236343632376238613230653934643932383538646562313165616636396333626339636139
32316266303063656531323363633239363639623833643431613138353136303334346133383735
35333738653335373835393231623563393764626461643633663664363537626135326237353862
66333961323530323330626164653435323337393939663561356439633538333332623766643365
31636230653661656661376230343732373638613562396566313133373734663738616663343266
61653064306535366535306334616463646664323530383634613965306261343165383636303434
64346361373963313036363764306438636134366436323930353837376430353339366230643532
62356435393434323163656633383332616264663432386534326430356137353030393534646136
31656166393262643232333363346338383030616161623762323037613835363335396661313334
30366430336462343433323137363238346436656338373062323238393064383232623139386333
66306165306636343238303133623035323239373534316261643661336334383539353062336463
64313461373739346162613834386463386331656138366564623531633136306535623637636539
63336333373365613934326630313966366133353634656539366161303630333131656535303762
64356635333936643433626539366539633830396132643564613762653864306632623161303839
36333830393761386637623238383161623431316363396536643230393563356465656233393237
65616566373535343861303161373063323535306335663562646264323632643534636639626166
31343563363835633666353366316433323432303763333535393331356532636236653536363562
36313430656537396664636561366163366164616139346664363762653264333362623131393463
31306635373862616431303636643735386438643831353738386165663962613231376662626334
31643961666665636166303764613536623963623536633933393230326535303764613036633132
31656133316135626233363331363136616565613966373265343532373665373238343934363834
37626465313133636662356234643131353165346331643166636130333666643936616461393362
64646266633938353837393862383363333430633465373130373266633661633838636333363131
31353834306161316264353631353436383466613264656566353132363566623462393732656131
38373564323564663631346631383364343163663561393735306634663430323036303736336335
33666165636464613237306639623433613031393164666163323531643638383861373431326539
30643435303338616163643232336438633432306232666632313164643163363431373236343362
30643233616266353633336232643836623433363462303036626363653466386463356336336435
64336133656161336334643636366361396236373834623131646166323237623631323931323666
32346133613765376231336537306631356637636261663135383236646436666539333032656430
61326631376430643431656533656162313235653037656565376161383339393130643964383138
61663464643330656435653561306165346462353931373566323435306637316164333563353433
64323664393532373031333635666330636430313733383130303263353830666635613733333966
66626531613964366138326530313562383265653632623830393265303663646535333865643530
62373139646534646430383466613166323366646134323137306236653061396635396564616439
62366233323664656432643362373666363532363436626563306139666664356431616630333662
62396366323533663235646665663064643165316361363066343635663463336237633631316331
64613163343536373363613132303930323133326539633463636661373738623935333231663762
34326462666535323136313031666338343732363037653736656261626534653934313731336366
38383836373865313633623633353535396166623938613861653335303466336232306663653364
36363730356431666164313133383433306139393662326633623730643238396437303436613863
64353865656631396563386465396666646163663634313166343364363438386265356634313432
64366361353764366539633433646562633439316139363530633162656133363237343934346431
35653063316639333034356232333563373439626633643136333266366635343534633136666234
30346263393437646464363533653037623337303665336430303839633962363563646666333266
32656639643863633832393432633161303138353838623035646262356431316430336566323161
37366630323736386339303264396239663435323134326633626632323363363466613963373534
65613833646439346461353536643034393835383432383536643235646637633335333930383332
35336365653031363737386462386437343433353138373166373636616139326361343764323233
62303234653864653937363864306566633130326332643430646438376637373863613539383236
38363139636234336262656633646431636237633365336261333731386338353433386536623838
37303861653131653030643436323862343736373832386139643438616366653564633161353730
33366433663931303936383435366361626633373439346631616230396231326634653834323436
33336662643236356362626633303732323236623739393730396266393138666335373266623862
35353635316462363736633464323761636564643230643030383732353333666233343563353866
35643538363265643930393661346562376465313165663662613966353961383635663766666362
63386365303164343965313738313932306261386337383138303061386163633561346364323631
31393530353536653830393862663765383834396434383365303238353336636332306464643365
37336666303664306136316135353736336231306537376434663736613335333039656261383061
65626235353233333238633839333564663739326663616664323862653238643566653862373166
37306538323632386463336433363739613466303933326237323234653361656437643463643366
35363264623638643130353761663137323562326439613339646363646562636339666664613931
36653039336364313538363832636239383130306430343230626166656435333837623936313161
32396165313936336637326131343235343138633234646630303263356161386137623464336334
30623236346237316263646535376639613564383335646664373864386462326330313635653363
37376463333462316562353230333564363366336139393063386630333232326331633666663630
31636164386134636631313630646661376262333935333961336339626362613436346462613061
64343239663561326335356332343061363835663264643234353663623233616436623966303238
32353231633830343665356261643937663433376431366232333230653561353932646365353565
36633036663961643231393632373135306434663261336262386666313931386264626233643262
32643039316231353462626330383135633065323932343737666662353334663339653065366663
32653636383362356438643064363938633537643064653565333939373530346632646639633433
35613962633531633763323832303935326365343738623761623861326233376435363065653639
3039646235366365366330376263356561313833376533666161
