$ANSIBLE_VAULT;1.1;AES256
39383935313533326134656335326366383061643732623730343432656362353132303465666335
3365316161346637383464376237623330613235333066630a373266656137363438623263306462
30373737656137346634626630356138646435623663356565313736323531663062333661636537
3833326366653064620a636639333063373531393932623539313765356465636232623463646361
32656666626333653061386338633538626535656435326436353738313264393164326465343339
61656261343661393633313838616462306661373263343963356633393964336634393130633631
66316434666264653039363731313838343338393263663466616261313830636135326330393538
35633639393038663035623061353164333238313034333233306234383738343662643065393530
34653936656535656639383932323830383466333063613464313036393664386432313437396139
36623033376439373634306365303231393866316364303761353633373535616137353662646235
37303030303433336666653836623931313335653637373435303634326432636365363061396430
34366630393134663262336138666664333761663363616536313934613831313264323631646236
37613934343065336531343263653436643063336261306536353265643531613461643639663266
64373564326265366133653663366462303633363231346262616138343337633264643666383737
66313731383965356361396630346236336362313561623566373532386339623634633436353964
66356465386666653537316336306666613035643231666531306364386262363935653834376433
39363038376264383063336132343063613337303737393564663038383031393432363666626531
61663431636232316162656266333464656466303062376230336532323862633564633636363563
33353065336238323165356538643835326439386439616236366263333463626239633038353933
66633931353237623438376338663734653862313166326237633836356263383137343434656666
32346436636666376531666333646266393062353065663932663863326665336362393633303532
63653165613532643138303634623063366236616533376133653739663130353336316164636431
64616539653433363835333639393037623133663932646264663161333232303465643031356261
37396536333730353930393961636136626137363634343530326230333032303365653863613361
37306337333236633334336335633865656263636331663461306463616439343433663136313466
33393336316230336534633734646534343334346162623365363764656161663361316536343463
32366461306136353537633438643837353230356435653432613432613134356365303238656630
36626439343034663533623438313534386435653730363662333462623239346264653063613466
30663237363964383364323962393630653637346363343839613632333935396539616636643664
63323265646330336532613633346235633361393234396464303231356165303965363862363666
31343561326435666130313238366333343834386261353536326536383138326663323765613638
35386139636530303239323535323631306264363162383333613932386665353533316335333037
37353639336130613939653837656535653762396361376164393766386237633130643233353338
33383966346533623238393966316233623938353036386238323139333031346561313235383330
36343430316363396437383338316365313065666239316337363431346336333062653362356239
63303036663037386535653535396233623035343032363339316334656435353236323335333739
30663564663736663734323233356130336365383331333563376331663263313532313861306539
64323633613663666436356262353466333830323434633139323565653834633239333832666432
35376666636636336232663032333637663733613035646633613665303066313337353564326332
38666336646331343332366665346531396563313861343932393664346236386432376562613831
31626636613765363435383862326639633466613462643366323662363331393863653634346333
39623138326137313861663066386233616563313534323332313365363261623136313562356130
39373732383164303637623631626634303366366335613330653331373564383564623130363539
35336162396133366339633330643664663337613434343561373737666266383234363139626131
38613961643230316562616236663934613239643764393766393661663537356266363164386530
64643864316439333364303432373237663331353533313965306132623332653964333065333563
36376231356233343034366464373464393262633466623737323261633034653139323734663737
38393563613137386637376434343333343938353064363833303131663263643833343130396536
64633764356435313330303635336332656364346465643835626164643262653634373863353965
36343132656335623665396332616665316264313238333036613731386432633563616538393562
33353963336333616632386462623865313433626565363138383533663435393439616434666262
64343938313364366161383939613730383238393537366639353932323137646130353436373265
37333561393530313836326266383465633836633065333763383830323437386662653762336533
32353935303036393731363230353438313830666233363239316163353432323136353834663830
38393138633133663331376435623764333633636131363838393764316366393365663439323635
66306462356631633465333433663335306634356264613134313662626134616261616131663664
64323839623030383861653435613834653262303039343830386337366331663331656234326138
30356131363832613730653631376639663661356433363064623265333362663639616531363239
63626136613334316131653132336336393063383536343139393030353465633264326337653566
30323535383137306335313565333066666639333363323932313464333765383838343339323533
33353537353439666137383933613266653733373261363065613536336532656663346536653431
64383433663865643963616431366331356231616333613033346436316636643534613465366566
37363463666563313139666361626135363666333139303264396661303031306536643732636539
62633433666431623664333961383530663662393662613433613834666564663534346334376565
62653138336561626162326538636463343036336362373365366238653266306239383463343037
30376538366632383636383633303562666664353264363462666630346266636239653439633134
63356134643230643764383066613234663362386232376161643034366235326637346665373630
30353435306138356462643135376134636132636363313336373036333136633233626161643233
37626565636332636561326333343734633337656233363938633365666230613364656365313232
36326639613934313562613338336436656534303634373066613534363263303362346632393938
64373137643864343230313938663164363439623964623766633239666464366465316363653065
61303739373938643238653734313164396339326261356161636432383536323237653234363366
35643262346534376635613438356261616132316136646132626633636564656261383662383730
66386163646431323461396632323732633565316434666464393639326230303362353162323631
66373164646634376538353131396139633466666330323831663866663266356566363833663039
31393866653162383263663231613536653436323330643633616337326661633232336566663637
37653366366266653531393537373736653530376239396135303565356163373164333638336532
39346436313931303161303835313533386531643766663664306635616362303335323733336634
30323934646536373730323830313338666332633830326339613361633233323631373237313566
34643332336239353461333537626238356562303731303466326536356362653961346639396630
64373538316439353366353465616236383563303835633734656162363366363237343333636239
39653435333665396435373863326238366232363361353764653561336162323562376336666337
66626466366439626236323561356236613037313138346334336365633639343762373131623430
35656537336335636661373731396638353465346664626231666238653139386232376163616465
64623434353766346366316263666134636635326134306335663463323563363530303764326233
36383139353436303436353162613461656236306163306561626636633766653531333633623836
36666137303430363763333462323364663064393337633935343932343964643761336237376566
32316466613136396331333032663462623665306465396464616438313835653662306232326433
66336436353536326438653437343039336262373039623037373534663161353430316364353933
64313965323263313761666330613933663564303665306536613534626564303434306162616332
62376239333465303137363938653163303632336532333838653930383866366237383932383561
33366230313332663435303939373863383039316662623538346664353038313066343935623662
37343537346236346634643637666535383863333461373131616433383631323737626566326234
33393564653434653161366466343363346430626230323561313538353462363335313535613364
38343935393936613366653238646133323361353338646563383864626531336632323465643563
61306161396261346166326636653837343366613633623236353666313166633933656166646139
32333439626139663862626365323931663837333731623132323437623661623031396163303263
63666137623462653933623638626233643132363636393938633066656235393961313262343462
34383765306264303631333962373431313739313161613332333532336663663039353433653532
32306231326639323533646361366462346134613634653333663931346630666665663632623161
30373133376436306633616532333136363732386365633762343434643333626533633762613331
39353565643030373031613335633233313536353765636239653861613363326435306539316137
35313232303338373933643735383130343432633465373265373662373833386135363239623666
31316536336662373936633636313931613532363265376162336134623037356531363338393730
35613661633234623361643666333562633037316337356134373239613837373635383339653237
64376335663962333963353239633432653333653664313962356561636461643063656465613530
30343264633036333561376263326566393366663730333132356363646630336366643062316561
61333865333732356166376665613133316635393764623739376534306365376563363836633831
66363063633962306236343231313965353765306661663730343832373537613361613336643935
65343464623063333938376361313131663365363034303264383938616239323037383235393033
33643737323633333563623864653734353539346463653739663965666366646635383661666264
38653632306165363862343233623233393065303934366662653436313664623439316461383937
64616538393464363539633135356432313564396462636332323464396465333062313463303762
32336239336561653362633930633462646139643139373436663638613531626633383633376633
38626664613632363063336165373731393936343963333866376632336136326438326661313965
39326531396636366537366136356564313234663466386132636439373536303138316666373566
34306232326164643262386632333438386465613736353531326635616562663334393664376534
63616462613530613732656631616566613532313630323130633066376463386635383131343737
32393536313233353463313238303261636233393366316365326365383164316662313261343664
32383636356662346364336438376438663566396134373437306130633832353735646138393864
65626334636335633062393134646161633831316337316439613766666232373434313730326365
62343332323264663337323638333132383235616630613063626564383661323139373566393234
65303365373832393166313663323063336665386637623830323635646265343438326662656361
63633064333235663038323732393537306232626339383431663762353535313761623437666364
39333134393661393637316631316435383730313061363866316164636435653334383231353432
38306333616662376235303566326139383965396237313433323033346631643238623863666261
30653237613930616234383731396233326534343131393166663262376138373237393630613431
32376262646631343738353936616637653532303366616132336131363330643964363239386439
65353331323262336336626666373934333663616661663763353133346339366339663538393137
32356331313533353363653563373635623732313831313435343933626261356465316163636464
30633164623238663231396339343230613361353135323064303863653235643335393930316539
64353833666434363033663861663635616531333234666137643032336533343338323464343630
39303732346462386437376461326138613966646439326533383332343230633466306264643333
66323932373331356239666534623037353430633261353430383534343836303666353831336665
36306530356333336134633835333165353564396630613563363563356262613265643432656362
66393031656366373837613234356363613739633533316361636334326537623838633065313038
63653665653635363235613932336461343736303038303961383763386238346565343735303430
30313739303438343663643439623834323061343564653165656430613564356362356165666236
63393939613034643265303930353339623535336664383562366639323131326238306238393364
65333063303436336537653237303835623635663032666564613532363864353536623965653066
38326233643339383230633835633862663739373937303062663563366663336264646439386132
64353464393637666263393139313933353063616238303839363135356538373164663930636137
31616161383237646630613630303436626661656461313831323032376636616132306530353565
62386432366461386537366564353836303738333762313730623161383962383461316363663664
38663134336637656166356261646663386435316564626338353238393061363166643063343461
63633132346435386633353030306165306537313362373834383937316563383033316566343465
66373734326661663962666230326466636265623733353631333836343631333039383533626339
30626232366563343637663935303731656232363532383532306332363566613166616135623963
34396533366436623139303865316433386262653930326236333739353339666562313363343832
65313862356162613034336638303938316439313961363663643236656563333965303138366437
62643134326232363930363965386430333461323437663531623938306131363037376163653539
63376238373662386535353764623565613865323063636635323261636261363630316232383638
35393239653536643736643835623634643836656261383833363234343264656635313031343066
62386362326163666662306539666430326536653835333962306336653237313530633632333737
66666466616230613261613432346134613366313330346336613133626265363062373638633139
64366665643564383131663766303833303733323066643839633231373064326261396231613539
32343862323437666239656538613464303737363934386436663334386162336337306234653236
63613936643734316638616637366263666130623566376631366632376164313333346636393736
36633736376131383631613831323930333237363863326136326135383138623139383265343434
66613838303966396566613834323036663062393632653231353362323533663236386266396234
38653765373166613638383662663432393062313935363062643737323261633136666239653132
35303464363465316638663034376435343932343537376263663936613464643934653933623566
63333563383334313565326435623963376465616231396233323931663339656262376335373632
30313734656136373665366637343163333030356261363931313038636630666633636330613237
36303330666536656630306138363435346461626661336430613530643337343935333233613462
65623536326135646238373334343462306530323035633064623130313464633930306439336632
66653034363931323361633038383031303435373062643563633561393963656235623030666362
61643036623438656532393630386635626333656431646639623130623663616436633862313865
37303462616238636531373066376539343331633538653632326661643330626638373837323961
64383062643962366336623430343231613539353034376436613939336563663761363631656633
65636231363236316537353230663761646238363134366233386131336261313234363738356238
31323935616362633864663835366231333335613132336265353430666463363232643766343235
39643063666565616266313965663662643032643962303937323663623461353062613966633661
65663664616436363236613665326264303939333632313438323839333330613862663837653965
61346239663262323031383331326565393034653563346431613564373032633733386336373638
32303063326336633139616631626635383532323935306166343734626335326161343066623230
36343138323166633661393566323664393835623963666233393331633735396236323666303634
64376530396130393533383831656236393939373633333839346332393062376232646239373838
61363633303833373331366465303432336538346330306432636464656134303861356336326666
39376334313662646163323330396337343436353230316236353664303036313661646534383338
30633039336437316239373861363436393264303235623934343533613363623064633364653535
31653437306537346232613165333239346261333339353062393033373339663733343935663634
31643734393362383264636462303736363565303735386437383266613437386161356162633963
37373939316230613933313062633165663932336262653263353233663133386264383461376233
62366661613864613238386262316636333331363165623731633065343539353437393231646236
32303037663237333562643038316432333338306465646331653338333534633439633634316266
35613937326632663962383636663966366636656636376534333166363834386165303633333830
30333266326566333238386434383866613166366532383661383034363539356337393961653561
64343132363737373165323139306231383530623861363264346231333338333534366435663536
65313539343965343665303465313466363137346636636331326266326135393863636666323461
66316363333764366437396566656535633736613330386336373862376338353436326166613033
31386130626637313663353431616437303135656263366536313265373265333234626430353939
32383465643133323034316463373435383933646265653030666631343638356465326234336363
36653365363632373838303337653564613433623665623236343235323039623031356134613535
35373063316264326663303966616463643433313935396532643437366334323966383361343639
32393736616531653137393362303435393864303531653865396639316562346638326336376435
64313033653736656566343135306437666539306433663637616338343463323964333831663034
34623737303333343135373166356266316632313466303761646432636231626664353535663237
31366235383639393333316139623537326633386333666238336165326336366631313739393537
36653135366132666561373965343532343030386462323665653432633433643433623332383932
62386131373162393731343637343562383465623565656338666639336332303738613165383864
65396436313236613661663466646233303331376130303839353064373365336265653735356233
66613938666162653732323838373735333230373831396562633336633564353336353538323633
63653235396365353939663734613938333333373065613834646462353232346466373263333861
39306635383266326465383432653063633239393532323866653937316133383166
