$ANSIBLE_VAULT;1.1;AES256
36363631326333363434343164306137313631323739326561663235653964633431353864306431
6262643537303733376239306634383930643866366532380a376530663962353163386365613733
63393863633566653937366563646461623865303834623734373937313437386532303637366239
6562643237396566620a393831656664323938653630643831633665626165306133353036663231
62653765366230346464313333343934616239626434643239393235396464653432643866623835
36393164346136343233306432643833383064363666646364613766653966393330363661623235
66323862653136326638303133643032633231393334303965316665313632656562376465346335
31333135393135313932303439343836353838336364366563663237623365313032666665336239
35333730336336633330363639336431336461636536343833313961313865373330663764303265
64383935323765656563626564303830643035313531666361346238313638663963663362323434
64323939626237303930333533316333316636653038343531323764346131323438326131376439
64663366363837376630636261656431366363646265303934616436623430396364663731373630
33383031383033633130313263336136616439633436313266356339653233646165323530343763
66386464636138343932666338366631386364363335383436356633393564356236653338383533
37346363353230336161623031613965333238666233633935663933356438393235333832623335
33363263353332316263313830623837393164656637333163353462646139306163623831323765
36666238336233326264613532303963656666313333396566363763643338373161306637613137
66373761343336633236646236633462653064646234393539326537303264323839613934616163
31383333636466646464333337623766366635666634623838366537386539316231386363336664
64613037363135323562613263313830396633333839633766333633313330333763313032343563
32386433656661393039623630363964383539386164653933363038356132623566663063663531
35623837333738336563383765313630393039306562383437663030653062373732653133303732
34373164306262363634363061376535323932353437323762616339646135386666366534653662
66663635633737653638383239656532626162373863353166643666666534386539663665333261
61396162333938353731323830366537363439663935313837646564623562623432643338306164
31383064613562333361343033643233316464323662326234333436346662333838653165633033
36633930366235393133666132363762353061636530366363383631303565303262383037333333
35313832643431373062643233613936353237633034333166636138613335333837643831313637
66346135346238663231373431663836333362623566353032336535343336663565346331356131
31313866376364636230666532306337613832393163323864343038653865636163626334303137
63373232613930336631333662393664306135323534326262663634333334373934653536656462
31393861316135313165373063353430326666343637343338383834626638643139306662353930
37313234333733656137386538653366363437393063646533326639373764393766663062363463
32633130633837653064623537316532653862316233313563303966653631353632663530386464
62343964396533666261616531303432663638663830323936353764653337643835303663373266
33626634343263366261386332316633343733326663666265343834383739666339346536393535
36666365363866393761383462363666633165656431636262383735333664383863666430613234
35383439643165393937306635393432393964343437613535373836663837643530336534616264
39303334346465383634366363643636353931356361346332623563343435613138393964663535
34333131656363393837383563363036336561373061613965333237333832383363386163373230
36303735323633646439653738316236383332353262613664323639383866343166663966353765
34313663303264636237366432636435353639336335373934623538323234383865343930386138
63393765323433333163613965386561636361373363643137633830363034383362343338653038
38633164363538653834666438353361393063663237343031356561616235343964353964336334
38333163343637336136366161333731396264643436643666356638353930636537653334366533
31303865616166313463376366323234303333336639323936306539303962343436633965396663
64386132396338303064336138656162306366376437613533626663346165323364666436653139
64383834623533313262346534383863346631353462343064376433366531663139316536636563
34393933363232353539366236363433646233623665383631363738643937366231616630316431
33343835376165313938313535313437393535383465383132326335326237613464323363343064
62626134663933366538396335376630363436386332336131656635333230376134353639626264
64666561386634313561343364336363643065303333303862663961326330323265313831363163
32333864383738613637646466663761303535323736633135313834616635353037373562363737
30346166386464386364326365646563373237323863373662313333626662376238303766303462
32666335363930623731343465643232363130636263623464353736326262663738353731626533
32343661373938613735636432613765633133393739623637363565373764303164303730653331
39646430373833633432633637306432316565646638316433333665373664393939303531626531
65616437613039333036323261656336373937383534356634633264313461373032643065663631
39316636323731356131323861656530323433663365363265326165353331646165623061643034
38343139633730303462326633323231626232653564656566313331336233366134303133316638
35616331383363383938323366356434366533626233653363623565616463346431333661666537
64633034623837353234303031663364333637323761333836396533373563396130383663383433
66626536396533336632306438663264333866626663656166316564373034643537383831303133
65646562323166616338356335663036383231623039646533313338373664656166636165313934
35323235353665623035643932633837646132303364326666356335353837343838616136306662
36316330393463323063626335386436663466393364666266666337666530616164646264653433
30343930613231633533623833376433323439353363323563636438313834303164323531646539
36323738303461626162316334336132323461333031393034663530643366383930366266303164
37366636383135316431313733323763626436643161303737666564643732393234313333383737
61633466366162316230633064626333313234396362643934306330386532336432343838383930
64346335616265396439653966613037663534636335616439393438623333373335353866393231
34643130663161383034663165393335323435643331383064616663303137333836633637633064
64336261393830323833616535653732323365373137303235616439356633636361653061643634
39653866383234646564663464386536656338326136356139646435656130323731353537353834
66326430666266396465613536353262353132393334393435626435383463326536383636653530
64393534613039313062346237336662613066633631353663396532363239353736333938366165
64386236623837646139613865633731383932643131663632613433336162636233313162396462
34626334333534313830636132633764323866353639353530316661636533653764623535633038
64623838366533396530376232316330633465663131313335613030356661313564353736353764
36373838323333656537346262303332633335633737643438666663326137313238356538343366
34616539633561613465333832356137663437656162646634663965366432313930333365633937
31306365303536393362636266316137613365663831343331633437653838356237393331636631
32663864373334333232363437626463656164653337353861623763346438316166356435656636
32383937363261636136643632346530313038663639613038383564363864613437653236316233
33636135643735386566343834343531323764656665316661383131386333633930383338393432
34653832356162636331383163666265643962613461646634663631623432643236346136346636
37336534303633373163653566643765396162393031303363616664333761363266643661376336
65643734366132663234336661363463303139653166633966333130333237313033346138366530
65636335646333643637636435366639616430616433333535623464613736653435613061643037
31363862386139393262646538653938386463656132313961393264386335366566333130613165
63383065623339636338373236396665373932363836363237383061613134616439656637366437
64353366356630376562363664626634336662396666626433653734643736386237356462663763
39343636623139626161393761653431336639656363616232343865646139333337393137333463
61356437386331646432656534353663313834373463643664303166373562356563616263356338
33353439346366386333343437623762343064303766366134313131303632663162663763306134
39353733373263373663663465613137313035646465316166643961323830323836653963613031
33646233323537383639373766646264396437393666653062636235646231366361636462326666
64663638663666653664636563646634363964336138633639326537306536376663636339613064
64316333643433373738663964336164343761373765663939376663666630343439613737653436
36626630626236646165303534383266383731346361653532623063333364666537663466336234
37653538393231633936393538336366646334333936613761316432363237653638633966306564
39373838393132623164326262393662666330333036653432336236316633643338626137643732
66623131653162626662366237626133656235663734393831346161393037376238323631333238
64376435363965376533393865353464303461396635303536616334653563393865313137333634
36303738303237346239613436343037393336336138613233633565666466396339303739663163
36633433633133313736396230653032346162636165336365393665626632383934653032343331
38613866613063373637326134343862623261636230306235343232336638336365306239623664
63636638356166643337353734353465303563326535653066653435383961303636313734653061
30306139656334366231633364393939313166623835656664346232316639306265633663656330
36633461346538373436613535633364316264343033623137313132356136353334613830613062
65643932303064356530386262326437316231373662366132363764386335383262623835666136
30666262323033623739653030323964396439323837316130306531323963643661383936643039
64623565306361616431303661626331356663353231383766313364623131353361663639663435
63326466653364303137373464663236353861393631656633353964333438306330663561343566
65313630393064363865633537316465636237333364663062616332623637643230313732643464
38333831323661623538356361666438363165636232383962363366303761316538313966316531
39363937643365656136336331323436313861313263363038356333613337383330386636663062
38313263366134653736623564666632653864656239646631373164343133333432386235623538
31333831323264666264346664653866386539323265393731613865316535343061613866643931
65396164313533353931306639376562306637323836333164613134303964623863613366653863
36663235303962306132363232393365363131316432626131303638633833373562313266376132
62666262663235366139623630326434316239626561313338326166363834343736643362613334
62656266633630623366316565333362376336313231626362623334643465326433613765323330
36363931356433386239366566303138373937613365643966633531623236656333626231303635
32363365396438326263353233393262633561393632636139336139613262383434363036616139
33656639616463386630353736323863633830633662333764663163663130306638656532313034
31323661346433386666373538323430333735333830393963376130633935336635636530623365
38343561663461653831343335356230376161613835333734633434346137303237396433343764
37316362646165663833333365356639376431346632333165396633363939646162396664623035
30373933333632323061653864633266303439323264346630643564396237356264613632336435
30626230333861623432386161356234363561353466313938616130393236313239396661663266
33313233323166613431643439303830303839323938306662623333636638663530363866643962
61636338373763343866623035313033373261616234623432383739636430336232326461643130
37333837313565373438333136346637643332363039666434633166343432393132623334613535
33323931336538663738663537323866373661613739666433663664623935303331353538663066
39316466393265613361303166356566383561316161393335643262306562636336666265383566
66376332373432653039666538613435376230383532336161336662666532656535353431353261
34306163663562356431333665353137313239356539323332316335653530623731393665316664
35666234333034316339363262623139636530643362363036613366633338646462376132633631
31303035663666623133383231383563366332623733636333613861646430373837336663383932
65333431373937386634663835663764333265333965623161303162323537616266356236393738
38326439333866346434663562663664633966626464643962376561663133646436643631363637
61663632313632663438323139376661383639346465613837343238353730383133363331643736
65656161613665623466393234383536396465356638383965616534383364333538366634313762
38346630646334303539393030386165303362653063613835383465363264333763346162343435
37363965663763336435373236653734363533303135646536646634633833363837373633316531
36643763343362356638633132346635663561643239616335366138343366316661643932313635
34393164653064616461323136663565396338643639633138386661613564336230663737313063
64356538363131393662323134373034656264303763333836626632623438353165346264356666
62663135636638616562363836616430303332323931313436626139666430313062366366383131
64343862316364306638376233343132383839313834666131353535333839646437356139333264
32303335386432346333653431633835393331653065373034346131396537306135623434353832
62303061313065636431393636313162323337363737373966353135383335323131306533313766
66343431396439663565373565656265303465613461343730383236333038636430356234383732
34333730383637623666623032636330383531616431653861626536333866623537623862366535
39616134623039313138663031366361643433653631303465643631653363663765613533326336
36323239363636363362633061316235333166643735333238613264666639633535363863376338
63333163373866643337396663373266303266303438613933356532316133383231343864383961
38346531336130313230396563643765366533333732386139616330626231383732633638343263
33333134636237343361386535386562653837363735383231366633636331383234363834393764
31306132326533373930393739363434613464326166613438366165386338333739346362366566
61653631386234323033313836616330643135313039333363363166353032333735353962303935
38303935313031323334393331306532396336326334366438616530316163653333653837326132
32313264643438316162626530376461343065313035323036376238333162306233616538623134
37323232396239306633613834626262633138643536363336613835613231633139363833656536
36373836663335643266646461666238613130313662663462653466356332306463366336306430
64343764623436356136326236663134646664356566363761366639326134343965393735356263
64353461663731343864333831333062353131613866303935346234316435613037383633356537
65363637353039326239656461343030633631646365313432623837343662326331376562316338
31373661346635393434613866626235643061633437373866396534663863303039356438353965
31623263303535396639303532316266303431643738383838393565363962666632393237303363
61386663343337373862313830623330373165666330363966353632663639386134313131313931
3165
