$ANSIBLE_VAULT;1.1;AES256
31366266376531353637313065373838383661346639323731663662653362356565383962313937
3565393639336164356666636566653533303861383435390a633237316635386136303461666131
34303330646334343235666265356637343330633735336661666530363337386237613630353164
3061353164313338640a646631363863666463376663356266313762353562346139626637663461
39303466623537373365613663653262363436643137653432646138343633663137333031366465
30643531383233666336646330666333386330303436636530346166633138353439636436646562
65393461616464353739353832343537623437313465346631616162396134643535396539313062
31373732613730383862366630343765393336366364323562393633653462613039623036373965
39653433663762373234643561366538393166383438396362376136646662363332393364393138
64643832366339373837613638313834646466613966623339303434356436353136663137353034
65643865633433373861303661376139383663663335663365393665346531363831613934373832
62666532633564306262613431363164326339636366613934303232363762663063633764613631
34383366616361303337343734353965383765653361363365376331366232303566363734353132
33353065323965633831356165633831383834353563383664323935343337653239303065633238
64366562643232393864366434386465623331623837656637333961626562393031363537346332
38303732303031636237333334636631623332653766383263396565363139636435356463646465
66643937633465316237616330353664386333303437626630616163306136393065383931663263
66333166346638313463313637333438666331343938306430363331303139356563303939613634
62323033646332303338626363353438616135616635303539623838303837373365316336393230
63363465623138643739313436303365323662356630333537616334633734343139636332646236
34623063613534633630336161313339363533356661326436616265383836636333663837326230
39653039633634323539613234323733346338326138656364623833356437356433626438336231
32303065353263646366663739636266356238383135383438326638653433643232303066333363
62306439326230633036396266346136383739623664376136643337353236656433643832396361
39343763363563643761346637343166656237623538653263613661323836333630356335306130
36656132626437623863313534613763366139333937326631303366383466386633326134643037
66366666316461613437643637346332623935613566653364623632356165626261363263346338
62363537303366333566386434323433383936353235386566306166346461613366326565316463
33666636346161623436643939633362666538326436633364653561313235616239666263323731
33653437333635373739346634323165343832663464396463376561303636343437653231383838
33363233626336363237613231616564656566383132396238313633653366306536646165653466
38666563333739656563333431636531366238323663643532356631616330336361343630313064
30633830366337613933336134393332336230656462636631613765366530363432653663386261
39386134383563383332646135633038613231323539386336393166303163336439643062336366
64666163353139326538313532633161646462373131663464356336373564626137396434356139
30663231363430353439346433633161373238626135656436396164346534663063346139323437
36633433373839343935653438663435613832626564616134636330323836353163646461393662
35386238306230653639636636373032666538643166306165396366353331383237656438666263
66616662626537336534383961316234323466613230353565303537333639376663353264613666
37366630346332383839396631336566376261356139363066623965353062386562643264316262
62323238643231343362306631616663393263656333306338396664633638663864313431643864
38306337323365393361336465663230386135646164386136613365633535366566343863396462
37666634353263653865353066366666356534386266333530376334316334623231663566613035
63626335383464393066626632623166626334333931326536373033333062363034363166663834
37623262303437646566623130386564633561643031363762633566636532333863386361643966
65373237303038623062633166656335613766626465363138633538353461383464386336666232
36636530323038383830366262326239663663386266316264336534336531653135393737623966
36613166393630663161643038393463346338656664326661633963616634303930303833303031
34656636636262616533316136376334613661633465633265376137343637666166653266383534
30616537373861656263653733373930373762396535623637356634633435656365653738393966
31646164363133343933643137663730616334346132633033303066643936323163303164633562
38313965613562356335623938643364333534643839623033626366303639626539616634343264
31323433373932306436376334333135663066376635343962366133366638616138653330626235
65363939313739343833643339326139316338646563363134613865393362306561343230383334
62663038313662643530656563643835383264616565363965316430333063633162623734663261
66363238643234623839356366653931336361356531383133653033626634643165363436326136
31663637333438396435666566616232616537343966356261326337383437396337316430393931
35353936646162343030323634653731373961636630366631313766666362316330623934363537
64653663643962373938646362373063643165393965356233373636393434346631613664393132
62363536623535376634333239636437356231623031303761613537653066313832633662626135
34633435653532653832346635303938326534626632623736363037333965666335336436373930
63343162616238383161616261343966383634393839346362383666626263363836333762613439
35666431346262346638376562376139346466623461346537386661333932313538376230313338
38626130363234373066333532663666306638343738666166313864626261643562636637376365
37323361646234336432323737656337333165356166323464346233613562353239343535373366
38343966343362306536396634323235396237636639653363663166343035393365643435353364
62336165346532626230393563613161363763663236333164663931326334663565633339623264
36653963313734386637613033663337633734363065333865656362366462353232613634386464
61373361373833663062316466646435313839373134653664633534623031343561613333353464
38633034623664363564326339386331383363373866653865303837313966383030393634623564
37353962363164613363376634666633353964376665333334663638623630383334346132616161
31616339346163356331333562646263333433393764623533373232393162623763326462353962
66633233326538353862616565326530323062393332666430373033623537333639366533616364
30663664613332616534356133623439333334373462636237633530366333333565663433613665
34663065623862336435356163396132323538373165613732613635616135646635646363323931
35333536633965613139383962373738313363383864363136666430376565356665333666373363
35343638346332663865363339366638303533363962356531323835656334343036636665363935
61643734396234646565383565616439643139613064663964326632636263663333613663646239
61343562656235383661346232646138376566356432303564316466353630666665353932396535
37663736376664653663656136316561326339646436373464323332646266626365656233633163
63643661363934626366633034346138363930623663626331393564376535303266353762343565
32396532363165663336393034306238323337326438653261383365633038323935333436323934
63633735333461373032366563643433313130653333646633346530616631336335363237636163
38613532623339613239663334666134636637643134306330656362343337336439323037643632
38666130653065353830663163636461333266353631653536316261323733613932346235353236
62666239613765393263653932383530373231653332373635613565376234396430613138363938
63366134396663326537353936373534343531393739363839623633646165343465356635353838
33323631663834323435613632313335346531646334383461656534353366313138623665656564
30613237343232366230643962333965343961386264663062653961653831366638353937653363
65646261366635343566613637613736636536353738656430613563623565363765306563313733
39633263323730663237353333643933356361326662623236356439623166366261363033363261
37353336643032666636653733343939616337613436323966643463633733633263333435316163
65396132333133383234336339623761303130643565363639333766393535663938373138343134
36633466366132313738656561623463333363623934353435366463396636636536623537363932
39636535376364326266646333623334653033623136333333343961393163366561303239646332
39626134613261383336346337303337333264343362626231383965353962623439306133383464
64366234303934343638333533643565326435656236643733383239313037363332663238326266
34393832623838353562386265643066346165623365343864633232373362356635336334633363
37303166653232396364313962666664363836306462613631333735383639343038393361633236
37646134313265326333643133613032346331353336343566663433316663663962396135386433
32386665313161303733393332373662626531313432326631366261616639393931376531663039
32376438613431323632636337623964633434363934626261353062623663366333663366366637
32613666613335656633353564373263646434626462316433653232366339373564373235653433
63323933613937633936663134313931393831356431656139666635306563646430316439633062
33383834303936663435336262643661323633393933633935393933333163643964646639643265
39383963333333383337313963356531323937373663393066663162363730333736363835653036
30313039343734326334303761623863616264626336633834623966343466666162386464633061
62393463366464333737316536393861333366363439323363646362393939376530366435336436
34633966393138366133343566373466626339313866386233646461343937386134373837386239
32303532373063373533646237366261346364353134626231623561383833313330393330633035
38356631653039653862386564643933656639326135313134336666363764383731393437336430
35636464323833383738333134303135373238376534383932633461653361363034396165386166
63633935376264353134386239386230313933393837383632353864643234353330323936653164
35306261653235323636383736613439646138306135656665643337613061666466396139363861
66373132626266616662343137376661356165613936363435366536666362613737663164333134
32363336376263623633666662396664623330646664343566303839646539313639366365373565
30623236376436323030356565303662373066393963316138366336313463643430396136633237
30343635333838633062303763643861363032316336333734393135336133313138653261333038
62306133613837663061663233623161663238333939376534373434313031316339336335323938
30333436623666376331633437616631383733666533636339393966643764323237376630333764
30376162366333613935643431656465613436616337623530383166643664656538343537623862
38353864653066396562666665373565326162316261336661623164623661663936353239313566
35633763613535313838356638313733613165613561353632366539626135353833303135666337
32386533326264316535376534653662303639656636313838316132613130376130376433633233
36353365346234323865323630393263616338346538383864336635626662383237616462626435
33663331623264653764633662643730353564313230323435656265323035316364643038663362
30396331313639313766393738623866373165353161383630333663306534653562303434343133
66636233386134656137656238386633336235303563383235313766393435663965353239633037
31666665343565653563323938373330616638643234643233666362633637323030333566393261
35656566633038386561393535653933346431376132363763336564346362316563333665346565
31656431636361363763303830633539356566383866323338633262336362323931366236616563
64396436373039666638373930663038363562646637636164646533353762373963373963613933
30623333633665346239313339376461383737363461353362343663343433383964333566323733
32666564646263663938613665613331613066346230316264373764383630393361326438343636
38356466633561323530386438626537663033353561633833663532376537663065656165323334
64623035323262313931613633663037306130623731343539306263366162313332306465363037
63623834343533343837653737343764316565393462306564663565623134663834373931373539
36643930663861623333336465643139643762646334633965663830666334356631663736623137
64383337666264656630633837636531376130623061653134366430663739636364386434636463
62656431383030386135646436633839643262373631623131666164373139303639346134313036
31373761363330373561303533633431653738353763613835343437336464656635383335313636
32323766666465666365653833393732386638623564393665313366373037313930313439323337
38313264353136616232653561613462636138613234313062626434633436366531646534636463
65316337613662353061303439333033663937633765653833653165643531653465633832363036
36623832353439373633623665313634636466356130613936333133643031316632373864653232
66383731363366623933633766303133386639363536336334376533333731663332336161386338
35656239643035643538366230636336663038386131333161326663383466633836613538373162
39316637386363343763336536626237663535363639353832396633643031326565646238336130
36343730376337306132346262313361326237383933343963363336663666313030666563313063
33623766353662343230613261636638366530363164393537666363656432363937663131626139
34363937323462306432336533323935303834383238366632316537353038393733373263326137
38333762386165643937326132666637616465386130613938306535336232336330363731633230
64646534613937656261363261363037343033386466613263373935313363383061363236663236
66376636373336656238646663653834643566633962336437396366373239356165316634666561
33646238353939396435343237656662613936333538376339326536373732376638656239653238
33343763313435383138626136313865373833306666326336326565616439316665643763323061
63333233646566636338383634613837353330383438313166616564373065663438333732376332
38326535653163303139626335653564643966323830636439333136323464663733643636663664
34353733393937636130353538343033623333633863613765663739646438616339313933303031
37633563636165336563653930613165343964653738656262663263373964383034316666313032
61616530303064613433393333663065383034326665383637656665656164613762616331333965
61626361643463373136373865383566336139333036643730626365376261613137633364643639
38376536326231613833666632393565356161303337326432383965616666613036646337383065
33383736323062303730333434373939616566646665356430303930356362623661356334383631
32623633353136376139346430666662393361306563633338336434393064366531353264396333
62663062353836663232336139666530366239613365333539653833646534363136396566643365
35356339643031663235393861626435613830333766343634323639376134343662366136623636
65666635613730313961323663653631363831353865343861373634366538653065316337393464
61633835663938323138626530323661316130313737333937663861383963663531393638396565
33393565626433363137333932393135626239653937363662643137663139653264346536663834
64326364306637353535626535306336386431363834333365633761633138313666636537353630
31623832376630323431646538663263376532303663363532383832643661383464616461613863
37303136663339656263303866396632336630393136383436326538343032633434373035346638
35323364343363613066643338306139316363623330643765323332383234646366343435356331
63623235356262623630336361623434373265363061303836353636623564326330386165363738
65333465383261626237376235356137336362303035393030346231613661323139613531353161
61333935303765663035653865393963613630626462396665336165393566383762303133343439
32663963363864313339383032393661376237353032323636396638386137663238336333363034
66646433383830306361646361343539623737386537353564613464623666303837353736646430
38333465633634343663353237333934363133666164663439646130616363623830616438346430
64623965383232313537633135623236376634373963326463623831393363303133306261343463
34643465333864616135613339313436303163636466303339646336353934633830356433326666
61386538626433613533373866353762663734316132623765616539396466633338643332656630
62623065326562333565646339366437376165643637376331383638666366616532313265636662
64386161643162373432633739323666656236366566316162353936656663656131623239386633
3538366433386331613262326135386639333862666337623830
