$ANSIBLE_VAULT;1.1;AES256
39386236323865306136616532633439393166373930616133326631343339633931633836333966
3836323065343035313137333564316536363162373434660a366661336633336431316237303037
63633136646334613763646362616336343164633566636366336634636531383639323764316638
3833373161623164300a346537346162636365653165633063353963353635386663356463613638
33633333626635666534653331393866383262613961353937643933396334316661626563373737
33666438396331393962353061326364643966386537343632666339326236386666376366383938
35663462373337326163623261373637666264633836633933643638626366366362626262663936
37306231636665383861316436656239633065366362383562376234393334666235346533313635
37313036343631643830306465613139303066336663373633653433326237356533393038633062
65663764616633396236643733613930356561386339613764643361643137633262613333303338
32386133386631326165343434663934633437333762376364643866633433656432393166336531
33343632346133343162393365346661303431356365363865326434626639643066626133306533
30313735376233663338313936353930323639323961326334656463613633303139636637356165
37373335356664623632353037326661663932623735616265386164326363316265643763653238
31353866643663666131633638336662303230376537333432613537646364346136643763623737
63643539386230656638393435323733396334363038383266313239613565373336633436333034
34633333306235613935313639366134366162626666656264343164373366376539656263643134
36303732653837643363666335656332636436626438663339366439396361336431663735643132
62356339343831393332613332636432653731326564333130336437333062346563623161373531
34313339326433616234373835336261393866366437383333393264633937313431616530303131
35363031303364623066343665626663373634323765386664343164306662343437303161353661
63383161656632643430656261303936353130363333393562623064653531626233313534313136
36363436653537343032383331336466393766343235303034636263333538333839356565373263
62363063663235393333653438333138633031633665303533643361313163313133393765393630
34656539653263653238366262343964653830613235653764306232326630353165306532303533
30393862316530343661363139386265313231643030613939323030653737363263323961353435
30613935613639396137646233396266343164663038383833623063626439313038656237666331
36303162646162393335646666636631643162653865643061626132356561353835663930306434
35373832663631666161653164396430653335326662326139656634366435663533373731366463
32616165656462663132393831356535343231623539343663396263653036623937613235326461
35656335636137333966646338613935613233656237656366613130383533636266366634346339
66383339316633666630303064663961353932346661646163356635343833303734663265316634
30326165356565396361333735646431333836306134303262646336353036643838363133646535
32666262306436326565346538663866323131643138373737323731353932366166666537643535
64383734353136656564336439623363386135326537383264663732636530373435666534623833
33383765373634333831303961643366386464626331663336353337336162336232396565336335
39303765363466663339396463373031333730353435386430333431393336346364333334633738
31643738386231663233653530626561613334303863653662396566393363323162373232636337
66656437643839336435613131346435306135386536333165393133333731643735383566383163
30396438663235343835376136346637653663313364326339343634346165363364626138303737
37663132313834613030333131363737336133373234373461316461633137633936383736643939
38303630653761666233373866666562323765306662376232343638333533656234306264393562
33646431656132646164613765636538643261653633326635353336626236393664616562313538
62316466306261316134623731653062396161336431353266373262643233343066383331393433
62366431356264656437343134663937306536373264623630353630613731383361313135313731
37636334336563313036376332656334616263383862383564666630336565616365663531353338
66383066646466383064323036326130383061363565656263396261346462613039623864356161
33363062333837613430623866396565333330393938386464633730643736656338343732643263
38353837363934356438376439616533373961626532303265626665666536663536323734393063
66336562306364303938616532396538663566343636366435613839333066626332376138303431
34386531363432376632336435646639376637313063346465656438346339386332316333336666
65396336653162633264613462363161636361336664323930363139373734396363383666326462
30393061633337623264383565623934313565326665393265383032633735356534396536653933
64613362643864383034303064653263623866623161323239663139316465666461613832636130
37656137663935363061326539376563613039633564383539626337653832396664346235643936
33373433616461376333373566306533393063363533663861396464323038346633326366326539
63646534353534666535613661633335656262346431363136313066663766313034313662613531
65323237613736616564353264303563396539336165623566666164383632333638363831313564
64313966336637323365343532636364643766616231313265396232353561353931356630336233
36303531653065353635653762633333636332393932613637373039306630316134343431363736
37646231633236303832346361396530646331393364333938623832656431396434636161626433
38343133393931363939663261383835343734343033633536376239383764356337313265363534
62333736326265633063356335653537616539386235663366623734323138653030353936393365
38393065633933353361396435663730633766306561393130646436386462663737356134313632
36343761306664363465643862343162326638653433653135323831333162613930616435636363
31343237306537626564656631306262653632653966383038343036646266663439326432616634
33326636626666323637623765626163656535363635663432646364383732366164336466653064
64376261646433363236646162326461633135313032356666616163643535303334393939623664
36653236326233623237373636356562363237626630633766636538646335663836383733633163
61623563396137653563653666303665323962336339386435623130313031343037393661346436
37633836643937653630623465336333306362343932633562323862313638343465386137366637
35376134323930393737653563333134383536356266643031323636313464363261396532643033
35323362383365383336326531346462633737336536396332306465646235363934623537383136
62306235366133353030623561613863373637646234613065376136313333613064303534396135
33633532623238333263643639353364636633343139343131656166333434393237663265373039
30336436626437656535316233626238363739623337326336353536363665323464303934663930
31316436353463623638383937323137316664323463393037366338653932656135373833663939
39663464373530656639353564393334373233336333333363623035373039316435616564363063
36633737613032663836623938633561646261363763386161656336623234643933633337326639
35313337326330326562346363363030613164316437623831653865633936313636636230316132
37353961356634366133636137353632636462346666396663333933373566396231633035393865
65313033346564323330616464363531613738363235616435323765613938623139326364653939
66663236383734393231343937303833353962663234326131663533616662636135316230373461
38353635353439323830373138316235303363356338303864316665323333366235626231636333
3736
